1,11,12
2,11,12
3,11,13
4,11,12
5,11,19
6,11,19
7,11,19
8,11,19
9,11,19
10,1,2
10,6,2
10,8,5
10,12,5
10,12,9
11,4,21
12,8,5
13,8,5
14,2,5
15,2,9
16,11,19
17,11,12
18,7,12
19,11,12
20,11,12
21,6,15
21,8,16
21,10,9
22,10,9
23,6,15
23,8,16
23,10,9
24,3,16
24,10,9
25,1,19
25,3,2
25,9,2
26,3,2
26,9,2
27,10,28
28,4,23
28,5,12
28,11,2
29,4,23
29,5,12
29,11,2
30,1,2
30,5,8
31,7,28
31,12,4
32,4,23
33,1,29
33,12,24
34,4,23
34,9,27
35,4,23
36,4,23
37,1,29
37,12,24
38,9,9
38,12,24
39,1,29
39,12,24
40,1,29
40,12,24
41,1,29
41,2,5
41,12,16
41,12,24
42,1,30
43,1,30
44,2,5
44,12,16
45,1,29
45,12,24
46,1,29
46,12,24
47,7,28
47,8,28
47,12,4
48,7,28
48,8,28
48,12,4
49,5,29
49,7,29
50,6,19
50,6,26
50,11,8
51,7,31
52,6,8
53,6,26
54,7,28
54,12,4
55,9,7
55,10,22
56,2,2
56,7,28
56,12,4
57,4,21
57,8,28
58,2,21
58,6,17
59,1,2
59,5,8
60,5,12
60,6,26
61,5,12
61,6,26
62,6,26
63,3,4
63,3,5
63,9,8
64,3,4
64,3,5
64,9,8
65,3,4
65,3,5
65,9,8
66,9,8
67,3,4
67,3,5
67,9,8
68,3,4
68,3,5
68,9,8
69,3,4
69,3,5
69,9,8
70,8,5
70,8,7
71,8,5
71,8,7
72,8,5
72,8,7
73,1,10
73,4,1
74,1,4
75,1,10
75,4,1
76,1,11
76,2,5
77,1,10
77,8,22
77,12,7
78,8,18
79,1,4
79,7,4
79,12,16
80,1,1
80,5,14
81,1,21
81,1,28
81,3,6
81,6,8
81,11,16
82,2,6
82,5,28
83,12,14
84,12,14
85,1,21
85,1,28
85,3,6
85,6,8
85,11,16
86,1,21
86,1,28
86,3,6
86,6,8
86,11,16
87,5,28
87,8,3
87,8,8
87,8,28
88,5,28
88,8,3
88,8,8
88,8,28
89,5,27
89,5,28
89,8,28
90,1,11
90,2,5
91,5,27
91,5,28
91,8,28
92,2,5
93,4,23
93,5,12
93,11,2
94,3,20
94,4,16
94,7,26
94,8,16
95,1,16
96,2,2
96,8,31
97,5,10
98,5,10
99,2,3
100,4,25
100,11,15
101,3,9
101,9,15
102,2,6
102,7,17
102,12,31
103,2,17
103,8,7
104,6,1
105,11,27
106,5,10
107,4,25
108,5,10
109,4,25
109,11,15
110,7,19
110,10,4
111,3,13
111,4,30
111,6,16
111,7,27
112,2,27
112,3,31
112,5,8
112,6,22
113,2,5
114,1,2
114,2,27
114,3,31
114,6,22
115,2,20
115,3,11
115,4,18
115,4,20
115,5,26
115,6,29
116,2,9
117,2,9
117,4,20
117,8,8
118,6,21
118,10,17
119,9,8
119,10,14
119,11,25
120,3,27
121,10,19
122,2,9
122,4,20
122,8,8
123,12,16
124,4,23
124,8,7
124,8,24
124,9,5
124,11,15
125,8,24
125,11,15
126,8,24
126,11,15
127,8,24
127,11,15
128,3,1
128,6,22
128,10,26
129,3,1
129,6,22
130,5,10
131,8,31
131,9,6
132,8,13
132,10,8
132,12,29
133,5,10
134,1,10
134,4,15
134,5,31
135,2,6
136,5,19
137,2,12
137,12,10
138,9,8
138,10,14
138,11,25
139,5,29
140,1,9
141,2,5
141,12,16
142,12,16
143,2,9
143,2,17
144,3,18
144,3,20
144,5,18
145,2,26
145,3,18
145,5,3
146,3,18
146,3,20
146,5,18
147,1,9
147,5,10
147,7,17
148,1,23
148,8,1
148,8,2
148,10,30
149,8,2
149,10,30
150,8,2
150,10,30
151,8,2
151,10,30
152,1,15
152,2,15
152,2,23
152,7,19
152,8,15
152,8,28
152,10,28
152,11,16
153,2,23
153,7,19
153,10,28
154,1,1
155,8,15
156,5,18
156,6,29
156,8,24
157,2,5
157,6,17
158,6,17
158,7,28
159,12,4
160,6,17
160,12,24
161,12,16
162,6,29
162,8,24
162,11,14
163,7,10
164,7,10
165,3,24
166,3,24
166,5,29
167,3,24
167,5,29
168,1,1
168,2,20
169,6,21
170,6,21
171,3,27
171,9,5
172,5,19
173,5,19
174,6,22
174,12,16
175,6,11
175,7,11
176,1,28
176,3,30
176,8,10
177,1,28
177,3,30
177,8,10
178,1,28
178,3,30
178,8,10
179,1,5
179,2,20
179,9,13
180,1,28
180,3,30
180,8,10
181,1,28
181,5,4
181,7,10
181,10,7
181,11,20
181,11,21
181,11,30
182,1,28
182,5,4
182,7,10
182,10,7
182,11,20
182,11,21
182,11,30
183,2,6
183,10,26
184,2,6
184,10,26
185,11,7
185,12,7
186,11,7
186,12,7
187,5,1
188,5,1
189,1,5
189,2,20
189,9,13
190,1,23
190,12,29
191,7,19
191,10,16
191,10,17
191,12,7
192,7,19
192,10,16
192,10,17
192,12,7
193,7,19
193,10,16
193,10,17
193,12,7
194,12,7
195,7,19
195,10,16
195,10,18
195,12,7
196,1,4
196,5,4
196,6,2
197,8,16
198,10,26
199,1,28
199,5,4
199,7,10
200,8,31
200,11,27
201,1,30
201,8,17
202,8,31
203,1,14
203,10,4
204,2,6
205,1,14
206,12,7
207,7,26
208,3,10
209,1,6
209,1,8
209,3,10
209,4,21
209,4,27
209,12,25
210,3,10
210,4,17
210,12,25
211,7,3
212,7,3
213,3,25
213,12,23
214,2,19
215,1,27
216,1,27
217,2,4
217,5,21
218,5,17
218,10,9
218,10,11
218,11,30
219,2,4
219,5,21
219,11,10
219,11,30
220,2,4
220,5,21
220,11,10
220,11,30
221,2,4
222,2,4
222,5,21
222,11,10
222,11,30
223,2,4
223,5,21
223,11,10
223,11,30
224,2,4
224,4,18
225,2,4
226,7,26
227,12,2
228,6,13
228,7,26
229,6,13
229,7,26
230,6,13
230,7,26
231,6,13
231,7,26
232,1,4
232,5,31
232,6,1
232,7,21
233,1,27
234,7,21
235,5,5
236,5,5
237,1,4
237,1,27
237,5,31
238,1,4
238,1,27
238,5,31
239,4,25
239,11,15
239,12,7
240,7,26
241,4,17
242,3,8
243,7,26
244,7,26
245,7,26
245,12,22
246,7,1
246,7,26
247,7,26
248,1,21
249,6,2
249,7,26
250,7,26
251,12,30
252,12,30
253,7,26
254,2,19
254,6,2
254,6,13
254,7,1
254,7,26
255,6,9
255,7,1
256,6,9
256,7,1
257,7,8
257,7,26
258,6,9
258,7,1
259,6,9
259,7,1
260,5,22
260,7,26
261,6,9
262,7,26
263,7,26
264,7,26
265,3,25
266,1,17
266,6,13
266,7,5
267,2,27
268,2,23
269,2,27
269,6,13
270,1,17
270,6,13
270,7,5
271,5,3
272,1,17
272,2,28
272,4,29
272,5,3
272,5,4
272,5,10
273,2,28
274,2,28
275,1,17
275,6,13
275,7,5
276,4,21
277,4,21
278,4,25
278,11,15
278,12,7
279,1,28
279,2,9
279,3,8
279,7,7
280,1,28
280,2,9
280,3,8
280,7,7
281,1,8
281,7,23
281,9,2
281,10,5
282,1,8
282,7,23
283,3,8
283,4,18
284,1,28
284,2,9
284,3,8
284,7,7
285,2,2
285,12,28
286,2,2
287,1,25
287,6,30
288,3,23
289,3,23
289,11,22
290,12,28
291,3,13
291,8,7
292,3,8
293,3,8
294,3,8
295,2,8
295,7,19
295,10,4
295,10,15
295,10,16
295,12,2
296,6,16
296,7,19
296,10,4
297,3,27
298,1,12
299,10,24
300,6,7
300,9,17
301,6,7
301,9,17
302,3,4
303,6,7
303,9,17
304,4,11
304,11,10
305,4,11
305,11,10
306,4,11
306,11,10
307,6,7
307,9,17
308,4,11
308,11,10
309,8,17
310,8,17
311,2,8
311,7,19
311,10,4
312,2,3
313,4,27
313,8,31
314,4,27
314,8,31
315,3,13
316,2,3
317,1,12
317,11,13
318,1,12
318,11,13
319,1,12
320,8,8
321,4,11
322,4,11
323,4,7
323,5,10
323,10,26
324,4,7
324,5,10
325,4,7
325,5,10
326,9,14
326,9,22
326,12,4
327,9,14
327,9,22
327,12,4
328,4,7
328,5,10
328,6,2
328,12,28
329,6,2
330,4,17
331,6,18
331,7,18
331,12,1
332,6,18
332,7,18
332,12,1
333,7,8
333,7,18
334,6,18
334,7,18
334,12,1
335,6,18
335,7,18
335,12,1
336,4,2
336,7,1
337,1,5
337,3,31
337,4,7
337,12,11
338,12,11
339,3,3
340,6,23
341,1,22
341,6,6
342,1,22
342,6,6
343,10,20
344,1,7
344,1,22
344,9,1
344,10,20
344,11,15
344,12,11
345,5,5
345,7,27
346,8,23
347,3,13
347,3,23
348,3,13
348,3,23
349,7,19
349,10,30
350,7,19
351,12,16
352,4,17
353,1,2
353,12,29
354,4,7
354,8,15
355,1,17
355,4,28
355,8,23
355,10,30
356,8,10
357,11,12
358,11,12
359,11,11
360,11,11
361,4,15
361,12,3
362,3,10
362,7,6
363,12,3
364,5,2
364,8,14
364,11,26
365,8,14
366,1,18
366,5,2
366,7,16
366,11,2
367,1,18
367,5,2
367,7,16
367,11,2
368,1,18
368,5,2
368,7,16
368,11,2
369,12,3
370,1,7
371,1,18
371,5,2
371,7,16
371,11,2
372,4,6
373,3,10
373,5,22
373,11,11
374,1,7
374,
374,4,22
374,10,5
375,3,27
375,3,29
375,12,18
376,3,27
376,3,29
377,8,3
377,8,8
378,7,19
378,12,2
379,7,19
380,1,15
380,7,15
380,7,20
380,7,27
380,10,5
380,12,2
381,7,19
381,10,4
381,10,15
381,10,16
381,12,2
382,6,16
382,10,20
383,10,4
383,10,15
383,10,16
384,11,5
385,7,30
386,3,2
386,9,2
387,12,24
388,3,20
388,12,16
389,4,7
389,7,30
390,6,19
391,7,4
392,7,4
393,12,4
394,12,4
395,1,10
395,6,10
395,11,12
395,12,5
396,1,10
396,6,10
396,11,12
396,12,5
397,2,8
397,11,8
398,5,25
399,4,24
399,12,20
400,4,24
400,12,20
401,4,24
401,12,20
402,3,4
402,6,24
403,10,7
404,3,29
404,10,7
405,3,29
405,10,7
406,3,23
406,5,20
407,1,26
407,2,23
407,2,27
408,1,24
409,2,3
410,3,31
411,2,27
412,2,27
413,4,12
413,7,15
413,8,21
413,10,26
414,1,7
414,2,14
414,3,16
414,11,3
415,6,11
416,2,3
417,1,6
417,1,11
417,6,20
418,4,6
419,2,12
419,6,5
419,8,28
420,7,7
420,11,30
421,3,19
421,3,21
421,4,16
421,5,1
421,7,17
422,1,24
422,4,16
423,6,11
424,3,29
425,8,13
425,8,22
426,8,13
426,8,22
427,3,29
428,1,21
429,12,4
430,12,4
431,6,10
432,11,19
433,6,11
434,6,11
435,7,15
435,7,16
436,1,30
436,7,28
437,5,25
437,6,27
438,1,30
438,7,28
439,8,24
440,8,24
441,8,24
442,8,24
443,8,24
444,8,24
445,6,17
445,7,31
445,11,2
446,1,26
447,2,27
448,6,17
448,7,31
448,11,2
449,6,17
449,7,31
449,11,2
450,12,4
451,1,1
451,1,2
452,1,2
452,10,1
453,7,29
453,9,6
453,6,23
454,3,8
454,3,22
454,5,9
454,6,24
454,6,29
454,9,6
454,12,16
455,1,18
455,7,29
455,8,29
455,10,14
456,4,24
456,9,15
457,4,24
457,9,30
458,6,5
459,5,25
459,10,16
460,5,25
460,10,16
461,9,7
461,12,17
462,6,5
463,5,14
463,7,10
463,10,7
464,5,14
464,7,10
464,10,7
465,5,14
465,7,10
465,10,7
466,3,21
466,12,29
467,4,13
467,4,23
468,5,13
469,8,13
470,12,17
471,8,31
471,9,1
472,1,3
473,1,4
474,3,21
474,7,11
474,8,23
475,3,21
475,4,14
475,4,16
475,5,1
475,7,11
476,5,7
476,10,10
476,3,11&#160;
477,3,21
477,4,14
477,4,16
477,5,1
477,7,11
478,3,21
478,4,14
478,4,16
478,5,1
478,7,11
479,1,4
479,8,13
479,10,8
480,1,4
480,8,13
480,10,8
481,3,21
481,4,14
481,4,16
481,5,1
481,7,11
482,1,4
482,8,13
482,10,8
483,3,21
484,3,31
485,6,20
485,11,1
486,2,13
486,5,1
486,11,1
487,1,4
487,8,13
487,10,8
488,1,3
488,3,31
489,3,31
490,11,1
491,1,16
492,6,16
492,7,27
492,8,3
493,3,31
494,7,15
495,3,29
495,6,3
496,8,14
497,6,3
498,12,3
499,5,26
499,6,7
499,10,2
499,11,26
500,2,4
500,7,9
501,10,6
501,10,15
501,10,19
502,7,26
502,11,4
503,12,14
504,2,18
504,4,16
505,2,18
505,4,16
506,5,20
506,6,15
506,7,3
506,7,24
506,8,19
506,8,20
506,9,28
507,4,16
507,5,19
507,5,20
508,4,16
508,5,19
508,5,20
509,5,20
509,6,15
509,7,3
509,7,24
509,8,19
509,8,20
509,9,28
510,5,1
510,7,4
510,8,6
511,8,24
512,11,5
513,9,5
514,1,2
514,2,11
514,3,29
514,7,27
514,11,3
514,12,14
515,3,29
515,11,5
516,1,23
516,1,24
517,8,24
518,6,30
518,10,27
519,11,19
520,7,27
521,11,19
522,7,4
523,7,4
524,7,4
524,8,6
524,10,8
525,8,10
525,12,1
526,12,2
527,4,6
528,4,6
529,4,6
530,4,6
531,2,1
531,7,23
531,10,8
531,10,11
532,12,4
533,5,10
533,5,18
533,6,2
534,8,10
534,10,25
534,12,1
535,2,3
536,12,1
537,5,22
538,6,25
538,10,14
539,5,28
539,6,15
540,1,2
540,2,2
541,1,14
541,2,21
541,5,18
541,6,9
541,7,7
541,11,20
542,12,21
543,8,30
544,10,4
544,11,19
545,5,22
546,9,15
547,9,15
548,9,2
549,5,22
549,8,1
549,8,22
550,8,1
550,8,22
551,8,1
552,6,7
553,4,24
554,4,24
555,4,24
555,12,20
556,4,24
556,12,20
557,8,29
558,1,6
559,12,14
560,2,18
561,10,12
561,12,1
562,7,14
562,7,15
563,4,24
563,5,14
563,6,5
563,10,25
563,12,19
564,4,24
564,5,14
564,6,5
564,10,25
564,12,19
565,12,1
566,12,1
566,12,4
567,12,4
568,12,4
569,12,4
570,2,19
571,3,11
572,12,4
573,12,4
574,12,4
575,5,2
575,7,24
575,9,15
576,12,4
577,5,2
577,7,24
577,9,15
578,12,4
579,3,11
580,12,14
581,1,12
581,3,11
582,1,12
582,3,11
583,3,11
584,1,27
585,5,16
585,7,28
586,1,25
587,2,11
588,11,9
589,11,9
590,7,15
590,11,9
591,12,29
592,5,12
593,7,7
593,11,20
594,2,1
594,10,8
594,10,11
595,11,17
596,2,2
596,2,14
596,5,17
596,10,6
596,10,11
597,2,2
597,3,4
598,11,17
599,2,19
599,4,3
599,5,19
600,2,19
601,4,28
601,5,4
601,6,4
601,11,13
601,12,12
602,9,15
603,4,30
603,10,14
603,12,8
604,4,30
604,10,14
604,12,8
605,4,16
606,6,3
606,11,22
607,4,16
607,6,3
608,11,22
609,2,3
610,4,6
610,5,19
611,4,6
611,5,19
611,7,27
612,4,6
612,5,19
612,7,27
612,8,14
612,10,14
613,6,3
613,11,22
614,7,17
614,10,11
614,10,21
615,7,17
615,10,11
615,10,21
616,1,12
616,2,25
616,3,25
616,4,15
616,8,27
616,8,29
616,9,25
617,1,12
618,1,12
619,6,3
619,11,22
620,2,9
621,11,26
621,12,4
621,12,5
622,6,3
622,11,22
623,2,1
623,6,12
624,2,1
624,6,12
625,2,1
625,6,12
626,1,22
626,6,6
626,10,20
627,7,5
627,9,26
628,7,5
628,9,26
629,9,16
629,9,26
630,7,5
630,9,26
631,7,5
631,9,26
632,2,9
632,3,18
632,3,29
632,7,7
632,7,17
633,7,5
633,7,7
633,10,28
634,3,16
634,8,8
635,3,16
635,8,8
636,1,31
636,6,16
636,6,28
637,1,22
637,6,6
637,10,20
638,4,12
638,7,6
638,10,6
638,12,5
639,3,20
639,10,11
640,4,12
640,5,28
640,9,6
640,12,5
641,4,6
642,5,25
642,7,8
643,7,8
643,7,29
644,7,8
645,7,15
646,7,15
647,8,26
647,10,31
648,8,26
648,10,31
649,7,11
649,11,18
650,7,11
650,11,18
651,2,4
651,7,24
652,2,4
652,7,24
653,11,7
654,8,16
654,9,2
655,5,24
655,12,12
656,3,1
656,8,7
657,3,1
657,8,7
658,10,25
659,5,10
660,1,31
660,5,10
661,3,22
661,4,22
661,6,2
661,8,10
661,11,22
662,3,22
662,8,10
663,2,3
663,12,6
664,3,1
665,4,12
665,4,24
665,7,6
665,10,6
665,12,5
666,8,6
666,9,3
666,9,8
667,8,6
668,8,6
669,3,8
669,3,13
670,1,1
670,4,9
671,1,1
671,4,9
672,1,1
672,4,9
673,1,13
673,4,16
673,4,17
674,11,19
675,1,31
675,5,10
676,10,25
677,10,25
678,12,23
679,12,23
680,3,1
680,6,26
680,12,29
680,12,30
681,12,23
682,1,5
682,6,27
683,10,25
684,7,25
685,7,21
686,5,7
686,5,12
686,7,12
686,12,5
687,1,5
687,6,27
688,10,4
689,12,11
690,9,26
690,9,27
691,9,26
691,9,27
692,7,21
693,1,16
693,2,16
693,7,21
693,7,24
693,10,10
693,11,23
693,12,11
694,7,21
695,7,21
696,7,21
697,2,16
697,7,21
697,7,24
697,10,10
697,11,23
697,12,11
698,2,16
698,7,21
698,7,24
698,10,10
698,11,23
698,12,11
699,7,21
700,2,24
700,10,25
700,12,31
701,10,25
702,2,24
702,12,31
703,2,24
703,12,31
704,10,25
704,12,19
705,10,25
705,12,19
706,2,16
706,7,21
706,9,26
707,3,1
707,12,29
707,12,30
708,6,20
708,7,31
709,4,24
709,9,15
710,2,25
710,2,26
710,5,8
710,8,6
711,4,20
712,1,5
712,6,27
713,1,22
713,6,6
713,10,20
714,8,25
714,12,24
715,12,9
716,11,10
717,10,8
717,10,26
718,4,28
718,9,26
718,9,27
719,10,8
719,10,26
720,6,21
721,9,26
721,9,27
722,4,6
722,4,8
722,10,9
722,12,2
722,12,26
722,12,30
723,7,21
724,5,15
724,12,6
725,5,15
725,12,6
726,9,26
726,9,27
727,5,21
727,7,1
728,6,19
728,6,20
728,6,26
728,11,8
729,6,20
729,7,31
730,3,25
730,12,14
731,3,25
731,12,14
732,5,23
732,12,18
733,7,1
733,7,9
733,8,24
733,12,15
734,2,18
734,4,16
735,7,8
736,5,21
736,7,1
737,6,18
737,11,28
738,5,23
739,5,8
740,2,11
740,5,23
740,5,30
740,11,15
740,12,15
740,12,18
741,2,11
741,5,23
741,5,30
741,11,15
741,12,15
741,12,18
742,2,11
742,5,23
742,5,30
742,11,15
742,12,15
742,12,18
743,6,9
743,6,10
743,9,18
744,4,6
744,4,8
744,10,9
744,11,17
744,12,2
744,12,26
744,12,30
745,10,1
746,6,20
746,8,12
747,3,29
747,8,16
747,9,11
748,5,15
748,10,9
748,12,6
749,1,2
749,5,17
750,5,6
750,5,30
750,6,29
750,9,16
751,2,6
751,9,16
752,3,1
752,6,26
752,12,29
752,12,30
753,2,6
754,6,18
754,9,15
755,6,18
755,9,15
756,3,9
756,3,12
756,8,8
756,12,27
757,5,12
758,5,7
759,3,9
759,8,4
759,8,8
759,10,14
760,7,6
760,8,4
761,7,6
761,8,4
762,5,7
762,5,12
763,3,9
763,8,4
763,8,8
763,10,14
764,3,9
764,8,4
764,8,8
764,10,14
765,3,9
765,8,4
765,8,8
765,10,14
766,2,9
766,7,7
767,2,17
767,7,7
767,8,7
768,7,7
768,7,17
768,12,31
769,7,30
769,8,7
770,2,17
770,7,7
770,8,7
771,7,30
772,2,6
773,2,6
773,8,31
774,2,6
774,9,2
775,1,22
775,9,19
776,9,2
777,2,6
777,9,2
778,4,28
779,2,6
780,2,6
781,2,6
782,1,22
782,11,30
783,2,6
784,2,6
785,2,6
786,3,1
786,6,26
786,12,29
786,12,30
787,8,4
787,9,27
787,10,25
788,9,26
788,9,27
789,8,4
789,9,27
789,10,25
790,4,9
790,10,8
790,10,26
791,5,15
792,5,19
793,5,13
793,8,11
794,3,26
794,4,9
794,9,7
795,3,26
795,4,9
795,9,7
796,3,26
796,4,9
796,9,7
797,5,30
798,5,30
799,5,30
800,1,3
800,1,22
800,3,10
801,1,3
801,5,30
802,1,3
802,5,30
803,7,17
804,7,21
805,1,5
805,3,10
805,3,18
805,10,13
805,11,17
805,12,1
806,12,13
807,3,12
807,4,24
808,12,13
809,1,5
809,3,10
809,3,18
809,10,13
809,11,17
809,12,1
810,2,26
811,7,8
811,9,10
811,10,13
812,2,26
813,9,16
814,11,16
814,11,20
815,11,16
815,11,20
816,2,26
817,1,14
817,2,24
818,3,10
818,5,9
818,6,23
819,3,18
819,10,13
820,3,18
820,10,13
821,3,18
821,10,13
822,10,4
822,10,12
823,10,4
823,10,12
824,2,8
825,1,28
825,2,1
825,6,9
825,6,18
826,3,12
826,4,24
827,4,24
828,4,24
829,4,23
829,4,24
829,7,15
829,9,1
830,2,17
830,3,13
830,4,23
830,9,1
831,2,19
832,1,12
832,2,11
832,2,17
832,7,17
833,3,15
833,5,26
834,2,20
834,2,28
834,8,25
834,8,28
834,10,9
835,7,31
835,8,13
835,8,18
836,7,31
836,8,13
836,8,18
837,7,31
837,8,13
837,8,18
838,2,21
838,7,9
838,7,11
838,7,12
839,11,4
840,2,8
840,8,2
841,6,8
841,7,11
841,9,11
842,2,16
842,7,20
843,2,16
843,7,20
843,8,20
844,2,16
844,7,20
844,8,20
845,12,1
846,7,31
846,8,13
846,8,18
847,7,21
848,2,16
848,7,20
848,8,20
849,5,6
849,6,18
850,2,19
850,5,24
851,2,19
852,6,14
853,2,5
853,12,16
854,2,10
854,2,13
854,3,24
854,9,2
855,1,5
855,6,8
855,7,8
856,2,10
856,2,13
856,3,24
856,9,2
857,1,7
857,11,4
858,5,4
858,7,10
859,5,29
860,3,9
860,5,28
860,8,25
861,7,29
862,6,9
862,7,1
862,10,22
862,12,26
863,2,16
863,7,20
863,8,20
864,2,10
864,3,6
864,3,9
865,12,1
865,12,13
866,3,26
867,3,26
868,1,23
869,9,14
869,9,22
869,12,4
870,1,23
871,1,23
871,7,5
872,3,10
872,5,22
872,5,28
872,9,11
872,11,12
873,1,5
873,7,19
873,9,19
874,1,5
874,7,19
874,9,19
875,3,10
875,9,11
875,11,12
876,1,5
876,5,19
876,6,30
876,8,17
876,11,20
877,4,19
877,6,29
877,11,24
877,11,25
878,4,19
878,6,29
878,11,24
878,11,25
879,3,23
879,12,8
880,2,17
880,8,5
880,8,9
880,8,13
881,3,23
881,12,8
882,6,9
883,7,17
883,11,30
884,11,13
885,11,13
886,2,27
886,10,30
886,11,7
887,11,13
888,11,13
889,11,13
890,7,10
890,11,7
891,3,12
892,8,13
892,12,1
892,12,13
893,4,16
893,9,15
894,4,16
894,9,15
894,12,2
895,4,16
895,9,15
895,12,2
896,9,8
897,6,7
898,6,7
899,9,15
900,7,21
900,8,10
900,9,5
901,7,8
901,7,19
902,1,6
902,1,21
903,2,16
903,9,20
904,2,12
904,12,10
905,6,2
906,1,8
906,4,9
907,1,24
907,2,9
907,5,18
907,8,21
907,9,10
908,1,24
908,2,9
908,5,18
908,8,21
908,8,31
908,9,10
909,6,28
910,10,29
911,1,12
911,5,5
911,8,29
912,3,25
913,1,12
913,5,5
913,8,29
914,1,12
914,7,12
914,7,13
914,11,7
915,1,12
915,8,29
916,1,12
916,8,29
917,1,12
917,8,29
918,1,12
918,7,12
918,7,13
918,11,7
919,3,25
920,2,9
920,5,18
921,4,25
921,4,26
921,12,24
922,4,25
922,4,26
923,4,25
923,4,26
924,7,4
924,7,8
924,8,24
924,11,14
924,11,19
924,11,25
924,12,1
925,6,14
925,6,15
925,6,19
926,7,8
926,7,15
927,3,16
927,8,8
928,7,14
928,7,15
928,7,19
929,7,15
929,7,19
930,5,24
930,7,8
931,1,29
931,2,5
931,6,11
931,6,12
931,12,16
932,8,1
932,8,17
933,2,24
934,1,7
934,3,10
934,6,2
934,10,5
935,1,29
935,2,5
935,6,11
935,6,12
935,10,8
935,12,16
936,3,10
936,6,2
937,3,1
937,9,16
938,6,18
938,6,27
938,9,16
939,1,1
939,9,25
940,6,2
940,7,8
940,11,13
940,12,20
941,9,16
941,12,25
942,2,12
942,12,10
943,2,24
944,2,24
945,10,1
946,4,14
946,9,20
947,1,20
948,5,3
949,3,16
949,10,29
949,12,16
950,12,24
951,7,7
952,5,26
952,12,24
953,10,26
954,5,26
955,4,25
956,5,6
957,12,24
958,12,24
959,12,24
960,6,18
961,4,10
961,4,19
962,7,6
963,1,20
963,6,20
964,1,20
965,1,20
965,6,20
966,5,11
966,5,17
966,7,31
967,12,27
967,6,20
968,5,11
968,5,17
968,7,31
969,1,20
969,5,17
970,12,27
971,5,11
971,7,31
972,5,11
972,7,31
973,5,11
973,7,31
974,8,23
974,9,1
974,10,31
975,1,2
975,1,16
975,3,9
975,10,30
976,1,2
976,1,16
976,3,9
976,10,30
977,8,23
977,9,1
977,10,31
978,2,23
979,5,13
979,6,4
979,6,5
979,10,13
980,5,13
980,6,4
980,6,5
980,10,13
981,1,18
981,2,15
981,7,9
982,1,18
982,2,15
982,7,9
983,2,15
984,5,6
984,9,20
984,10,19
985,7,12
985,11,9
986,4,28
987,5,1
987,7,4
987,9,2
988,5,9
988,12,16
989,5,9
989,12,16
990,5,1
990,7,4
990,9,2
991,5,20
991,7,6
991,9,30
992,6,9
993,6,9
993,6,20
994,3,6
994,11,23
995,3,6
995,11,23
996,3,6
996,11,23
997,1,14
997,5,18
997,5,30
997,6,9
997,7,7
997,7,9
997,7,11
997,7,12
997,7,29
997,8,30
997,9,11
997,11,20
998,4,28
999,5,30
999,6,5
999,10,19
1000,5,30
1001,1,24
1001,1,29
1001,4,2
1001,5,11
1001,6,4
1001,6,16
1001,7,14
1001,10,4
1001,10,10
1001,12,3
1002,5,30
1003,5,30
1003,6,5
1003,10,19
1004,2,1
1004,5,22
1005,4,24
1006,4,24
1007,1,3
1007,5,10
1008,3,8
1008,11,22
1009,8,20
1010,2,16
1010,5,1
1010,5,11
1010,5,26
1010,6,6
1010,8,23
1010,9,20
1011,2,16
1011,9,20
1012,6,21
1013,8,11
1013,11,29
1014,8,11
1015,8,11
1015,11,29
1016,11,5
1016,12,9
1017,8,11
1018,7,29
1019,7,29
1020,10,5
1021,10,5
1022,10,5
1023,2,18
1023,12,22
1024,2,18
1024,12,22
1025,2,18
1025,12,22
1026,7,29
1026,11,24
1027,6,20
1027,9,27
1027,11,10
1028,6,20
1028,9,27
1028,11,10
1029,9,27
1029,11,7
1030,6,20
1030,9,27
1030,11,10
1031,5,4
1032,5,1
1032,5,4
1033,7,29
1033,11,24
1034,5,4
1035,5,1
1035,5,4
1036,7,29
1036,11,4
1037,5,4
1038,8,1
1038,9,2
1038,10,4
1038,10,25
1039,6,17
1039,7,20
1040,5,4
1041,4,23
1042,6,1
1042,7,12
1043,4,23
1044,6,9
1044,6,10
1044,9,18
1045,3,9
1045,8,21
1046,10,4
1047,3,3
1047,7,18
1048,10,4
1049,5,6
1049,9,20
1049,10,19
1050,5,6
1050,9,20
1050,10,19
1051,3,6
1052,3,3
1052,7,18
1053,3,6
1054,1,1
1055,4,10
1055,10,5
1056,2,16
1056,5,1
1056,5,11
1056,5,26
1056,6,6
1056,8,23
1056,9,20
1057,5,15
1058,2,13
1059,2,27
1059,3,24
1059,9,29
1060,2,27
1060,3,24
1060,9,29
1061,2,27
1061,3,24
1061,9,29
1062,2,4
1062,3,24
1062,9,29
1062,12,12
1063,1,19
1063,7,27
1064,10,16
1065,5,20
1065,9,17
1066,4,19
1066,8,1
1067,10,5
1067,10,11
1068,10,16
1069,10,16
1070,1,31
1070,6,2
1070,9,16
1071,2,6
1071,9,9
1072,5,10
1072,12,9
1073,4,19
1073,10,7
1074,1,5
1074,1,6
1074,8,27
1074,12,28
1074,12,29
1075,4,24
1076,1,5
1076,1,6
1076,8,27
1076,12,28
1076,12,29
1077,2,25
1077,2,26
1077,5,8
1077,8,6
1078,3,28
1078,9,1
1078,10,10
1079,3,28
1079,9,1
1079,10,10
1080,3,28
1080,9,1
1080,10,10
1081,5,8
1082,7,8
1082,11,13
1083,1,30
1083,4,23
1083,5,13
1083,9,24
1083,10,16
1084,6,2
1084,12,10
1085,1,31
1085,6,2
1085,9,16
1086,4,11
1086,5,12
1086,5,14
1086,6,20
1087,9,16
1087,12,25
1088,1,3
1089,2,15
1089,12,9
1090,3,5
1091,1,30
1091,5,13
1091,8,13
1091,9,24
1092,3,16
1093,3,16
1094,1,2
1094,2,13
1094,3,9
1094,3,12
1094,3,21
1094,5,9
1094,5,25
1094,9,3
1094,11,17
1095,11,17
1096,1,30
1096,4,23
1096,5,13
1096,9,24
1096,10,16
1097,10,9
1098,3,29
1098,5,20
1099,2,21
1099,5,7
1099,5,12
1099,5,28
1099,7,31
1099,10,11
1100,4,19
1100,10,7
1101,1,2
1101,2,13
1101,3,9
1101,3,12
1101,3,21
1101,5,9
1101,5,25
1101,11,17
1102,3,17
1102,8,13
1102,10,3
1102,11,16
1102,11,17
1103,6,19
1104,2,22
1104,7,12
1105,2,25
1105,2,26
1105,5,8
1105,8,6
1106,6,15
1106,8,27
1107,3,28
1107,9,1
1107,10,10
1108,2,4
1108,6,6
1108,10,24
1109,10,24
1110,4,19
1110,9,1
1111,10,24
1112,2,15
1112,12,9
1113,4,19
1113,10,7
1114,9,24
1115,2,1
1115,6,10
1115,10,8
1116,5,7
1117,5,7
1118,4,11
1118,5,13
1119,3,28
1119,9,1
1119,10,10
1120,4,11
1120,5,13
1121,4,11
1121,5,13
1122,1,26
1123,4,11
1124,1,16
1124,5,26
1125,5,24
1126,7,19
1126,10,4
1127,7,19
1127,10,4
1128,7,19
1128,10,4
1129,5,10
1130,5,10
1131,9,9
1132,5,4
1132,5,5
1133,1,13
1133,1,14
1133,1,16
1133,7,9
1133,11,8
1134,5,4
1134,5,5
1135,3,6
1135,6,7
1136,6,13
1136,8,21
1137,6,1
1137,12,18
1138,6,1
1138,12,18
1139,6,1
1139,12,18
1140,
1140,2,22
1140,6,10
1141,1,28
1141,2,22
1142,9,24
1143,9,24
1144,1,12
1144,1,15
1144,3,30
1144,3,31
1144,5,11
1144,9,12
1145,3,3
1146,1,16
1146,4,14
1146,8,1
1146,8,2
1146,8,8
1147,10,9
1148,1,3
1149,6,19
1149,7,6
1150,2,25
1150,2,26
1150,5,8
1150,8,6
1151,7,19
1151,10,4
1152,12,2
1153,10,20
1154,3,1
1154,12,6
1155,3,1
1155,12,6
1156,1,18
1156,5,12
1156,5,14
1157,5,5
1157,10,23
1158,5,14
1158,10,23
1159,1,3
1159,1,8
1159,5,26
1159,10,23
1160,4,24
1160,5,12
1160,5,14
1161,2,15
1161,2,21
1161,3,9
1161,3,12
1161,4,23
1161,4,24
1161,5,5
1161,5,9
1161,5,25
1161,7,27
1161,11,17
1161,12,9
1162,2,15
1162,2,21
1162,3,9
1162,3,12
1162,4,23
1162,4,24
1162,5,5
1162,5,9
1162,5,25
1162,7,27
1162,11,17
1162,12,9
1163,2,15
1163,4,24
1163,5,5
1163,12,9
1164,2,15
1164,4,24
1164,5,5
1164,12,9
1165,2,15
1165,2,21
1165,3,9
1165,3,12
1165,4,23
1165,4,24
1165,5,5
1165,5,9
1165,5,25
1165,7,27
1165,11,17
1165,12,9
1166,2,15
1166,2,21
1166,3,9
1166,3,12
1166,4,23
1166,4,24
1166,5,5
1166,5,9
1166,5,25
1166,7,27
1166,11,17
1166,12,9
1167,2,26
1167,5,8
1167,7,28
1167,11,3
1168,1,28
1168,4,12
1168,5,27
1168,6,28
1168,7,1
1169,4,10
1170,7,3
1171,8,9
1171,12,4
1172,7,9
1172,8,21
1172,10,10
1173,4,25
1173,11,15
1174,3,27
1174,6,19
1174,10,4
1175,3,27
1175,6,19
1175,10,4
1175,1,3
1176,11,12
1177,11,12
1178,3,16
1179,2,9
1179,5,18
1179,8,31
1180,5,24
1181,5,20
1181,5,24
1181,5,30
1182,3,28
1182,5,20
1182,5,30
1183,3,28
1183,5,20
1183,5,30
1184,3,28
1184,5,20
1184,5,30
1185,5,16
1186,8,13
1187,10,24
1188,8,3
1188,12,18
1189,8,5
1190,2,10
1191,9,6
1192,9,6
1193,2,10
1194,8,3
1194,12,18
1195,8,3
1195,12,18
1196,3,2
1196,7,13
1197,1,25
1197,3,2
1197,3,16
1198,6,14
1198,8,8
1199,2,23
1200,8,5
1201,2,24
1201,7,18
1201,10,15
1202,2,24
1202,7,18
1202,10,15
1202,10,16
1202,10,17
1203,2,24
1203,7,18
1203,10,15
1203,10,16
1203,10,17
1204,2,5
1204,12,16
1205,6,28
1206,4,23
1207,7,21
1208,7,31
1209,7,11
1209,10,3
1210,6,3
1210,10,3
1211,6,3
1212,7,11
1213,4,23
1213,5,27
1213,7,31
1213,10,14
1214,6,8
1214,7,11
1214,9,11
1215,3,16
1216,6,8
1216,7,11
1216,9,11
1217,1,16
1217,1,25
1217,3,2
1217,3,16
1217,7,13
1217,7,15
1218,1,25
1218,3,2
1218,3,16
1218,7,13
1219,1,25
1219,3,2
1219,3,16
1219,7,13
1220,1,16
1220,1,25
1220,3,2
1220,3,16
1220,7,13
1220,7,15
1221,6,24
1222,10,24
1223,3,16
1224,7,14
1225,4,7
1226,8,28
1227,8,28
1228,6,28
1229,1,3
1229,4,13
1229,4,18
1229,8,3
1229,12,24
1230,6,28
1231,10,24
1232,6,14
1233,8,17
1233,9,15
1234,1,30
1235,7,3
1235,10,3
1236,1,14
1236,3,16
1236,8,12
1236,10,21
1237,8,12
1238,1,14
1238,3,16
1238,8,12
1238,10,21
1239,1,14
1239,3,16
1239,8,12
1239,10,21
1240,4,30
1240,8,12
1240,9,3
1240,11,17
1241,9,17
1242,4,30
1242,8,12
1242,9,3
1243,11,17
1243,11,27
1244,1,13
1245,8,13
1246,8,13
1247,8,13
1248,1,13
1249,11,8
1250,5,9
1250,8,5
1250,12,16
1251,4,30
1251,7,11
1252,2,4
1253,9,10
1253,9,30
1254,1,16
1255,1,11
1255,4,5
1256,1,16
1257,9,10
1257,9,30
1258,9,10
1258,9,30
1259,1,16
1259,4,24
1259,9,30
1260,1,9
1260,10,11
1260,10,20
1261,5,3
1262,6,22
1263,9,6
1264,6,1
1264,11,17
1265,3,21
1265,4,3
1266,8,19
1266,11,14
1267,3,20
1267,11,3
1268,3,20
1268,11,3
1269,3,20
1269,11,3
1270,4,1
1270,4,29
1270,7,27
1271,4,30
1271,6,8
1271,7,11
1272,3,25
1273,4,24
1273,4,30
1273,9,10
1273,9,30
1273,12,30
1274,4,24
1274,11,12
1275,8,7
1275,8,13
1275,9,12
1276,6,15
1276,8,16
1276,10,9
1277,10,9
1278,3,13
1278,4,13
1278,5,6
1278,9,4
1278,9,6
1278,11,3
1279,5,5
1279,5,6
1279,5,8
1280,9,21
1281,2,1
1281,7,31
1281,9,1
1281,10,3
1281,10,17
1281,10,23
1281,12,20
1282,7,31
1283,9,11
1283,11,1
1284,4,23
1284,7,31
1284,8,18
1284,9,23
1285,1,14
1285,10,21
1286,1,23
1287,3,10
1287,4,30
1287,9,17
1287,9,21
1287,9,23
1287,11,17
1288,10,3
1289,11,21
1290,4,23
1290,7,31
1290,8,18
1290,9,21
1291,4,23
1291,7,31
1291,8,18
1292,8,18
1293,2,16
1293,7,4
1293,7,20
1294,4,18
1294,4,23
1294,7,21
1294,8,18
1294,10,14
1295,2,28
1295,6,18
1296,4,23
1296,7,31
1296,8,18
1297,4,23
1297,7,21
1297,7,31
1297,8,18
1297,9,23
1297,10,14
1298,4,23
1298,7,31
1298,8,18
1298,9,23
1299,4,23
1299,7,31
1299,8,18
1299,9,23
1300,11,19
1301,1,15
1302,5,13
1302,9,16
1303,12,8
1304,3,26
1305,2,1
1305,6,19
1305,9,16
1306,2,1
1306,6,19
1306,9,16
1307,5,13
1308,11,5
1309,1,8
1309,3,12
1309,4,17
1309,6,19
1309,7,4
1309,7,28
1309,8,11
1309,8,13
1309,12,28
1310,4,3
1310,7,30
1311,7,13
1311,8,4
1312,1,21
1312,1,28
1312,3,6
1313,7,30
1313,10,22
1314,7,30
1314,10,22
1315,2,5
1316,7,30
1316,9,2
1317,2,1
1318,3,10
1318,3,20
1318,8,13
1319,8,13
1320,3,25
1320,4,3
1320,4,5
1320,5,5
1320,6,28
1320,10,20
1321,3,25
1321,4,3
1321,4,5
1321,5,5
1322,6,28
1323,5,5
1324,6,28
1324,10,20
1324,12,24
1325,3,25
1325,9,22
1326,3,3
1326,5,3
1326,6,2
1326,9,8
1326,9,12
1327,3,25
1328,3,25
1328,9,28
1329,8,3
1329,8,16
1329,8,20
1329,9,2
1329,9,7
1329,12,26
1330,1,15
1330,3,10
1331,6,24
1332,5,12
1332,5,13
1333,1,13
1333,5,6
1334,1,13
1334,5,6
1334,6,29
1335,5,12
1336,6,15
1337,5,19
1338,5,3
1338,6,15
1338,6,25
1339,5,19
1340,9,7
1341,3,28
1342,7,8
1343,1,4
1343,2,26
1343,6,8
1344,1,4
1344,2,26
1344,6,8
1345,1,4
1345,2,26
1345,7,8
1345,7,12
1345,8,31
1345,9,1
1346,7,6
1347,5,1
1347,5,15
1348,1,16
1348,3,30
1348,4,4
1348,5,11
1348,5,15
1348,12,21
1349,5,11
1350,4,25
1351,3,25
1351,9,28
1351,9,30
1352,6,15
1353,1,16
1353,3,30
1353,4,4
1353,5,11
1353,5,15
1353,12,21
1354,5,1
1354,5,15
1355,2,3
1355,2,5
1356,5,15
1356,10,19
1357,8,26
1358,8,17
1358,9,11
1359,1,30
1360,9,9
1361,2,5
1362,10,13
1363,2,8
1364,5,1
1364,5,11
1364,7,13
1364,7,25
1364,10,13
1364,11,27
1364,11,28
1365,5,1
1365,5,11
1365,7,13
1365,7,25
1365,10,13
1365,11,27
1365,11,28
1366,5,1
1366,5,11
1366,7,13
1366,7,25
1366,10,13
1366,11,27
1366,11,28
1367,2,8
1367,7,25
1368,5,1
1368,5,11
1368,7,13
1368,7,25
1368,10,13
1368,11,27
1368,11,28
1369,5,24
1369,5,30
1370,5,30
1371,5,24
1371,5,30
1372,1,23
1372,1,27
1372,1,31
1372,2,8
1372,2,24
1373,1,16
1373,3,28
1373,5,30
1374,2,4
1374,5,30
1375,1,23
1375,1,27
1375,1,31
1375,2,8
1375,2,24
1375,3,8
1375,3,27
1375,3,28
1375,5,6
1375,5,15
1375,5,16
1375,6,12
1375,6,24
1375,6,26
1375,7,12
1375,8,9
1375,8,13
1375,8,19
1375,8,22
1375,8,29
1375,10,8
1375,10,23
1375,10,25
1375,11,24
1375,12,27
1376,7,10
1376,9,19
1377,5,1
1378,6,19
1378,7,6
1379,3,14
1380,3,21
1381,6,19
1381,7,6
1382,2,24
1382,5,10
1383,2,24
1383,5,10
1384,3,21
1385,5,1
1386,3,31
1386,4,7
1387,8,18
1388,8,18
1389,3,24
1390,5,30
1391,6,2
1391,7,2
1391,7,8
1391,7,13
1391,11,13
1391,11,18
1392,5,30
1393,5,1
1393,6,7
1394,5,1
1394,6,7
1395,8,28
1396,6,28
1397,3,25
1398,2,8
1398,7,20
1398,9,30
1399,9,30
1400,8,13
1401,3,16
1402,3,16
1403,5,10
1404,3,20
1404,4,16
1404,7,26
1404,8,16
1405,3,20
1405,4,16
1405,7,26
1405,8,16
1406,3,20
1406,4,16
1406,7,26
1406,8,16
1407,5,10
1408,10,19
1409,2,2
1409,2,4
1409,3,28
1409,3,31
1409,5,12
1409,5,20
1409,5,30
1409,8,21
1409,12,12
1410,6,15
1410,11,18
1410,11,20
1411,6,15
1412,6,15
1413,3,29
1413,9,19
1413,9,21
1413,11,12
1413,11,18
1413,11,20
1414,8,24
1414,12,29
1415,6,15
1416,2,13
1416,2,15
1417,2,13
1417,2,15
1418,2,16
1418,6,22
1418,7,6
1419,2,13
1419,2,15
1420,2,15
1421,9,16
1421,11,12
1421,11,14
1422,2,14
1422,3,17
1422,3,19
1422,10,3
1423,2,14
1423,3,17
1423,3,19
1423,10,3
1424,2,14
1424,3,17
1424,3,19
1424,10,3
1425,3,19
1425,9,1
1426,3,17
1426,3,19
1426,4,7
1426,4,16
1426,5,1
1426,8,25
1426,8,27
1426,9,18
1427,2,16
1427,6,22
1427,7,6
1428,6,22
1428,9,1
1429,6,22
1429,9,1
1430,9,1
1431,1,13
1431,5,5
1431,5,6
1431,6,29
1431,7,30
1431,12,10
1431,12,22
1432,1,8
1432,5,29
1433,4,8
1433,5,22
1433,7,21
1434,1,9
1434,3,8
1434,5,22
1435,2,16
1435,4,5
1435,5,14
1435,5,22
1435,6,19
1436,2,16
1436,4,5
1436,5,14
1436,5,22
1436,6,19
1437,1,9
1437,3,8
1437,5,22
1438,7,21
1438,7,30
1439,4,8
1439,5,22
1439,7,21
1440,2,16
1440,4,5
1440,5,14
1440,5,22
1440,6,19
1441,2,16
1441,4,5
1441,5,14
1442,4,8
1442,5,22
1442,7,21
1443,1,9
1443,3,8
1443,5,22
1444,2,6
1444,6,1
1445,4,14
1445,6,1
1445,6,16
1445,7,18
1446,4,14
1446,6,1
1446,6,16
1446,7,18
1447,6,16
1447,9,26
1447,9,28
1448,6,16
1448,9,26
1448,9,28
1449,7,14
1449,10,18
1449,11,10
1450,1,8
1450,2,8
1451,1,13
1451,5,5
1451,5,6
1452,1,8
1452,2,8
1453,5,5
1453,7,30
1453,12,22
1454,5,3
1455,2,19
1456,2,19
1456,12,25
1457,2,4
1457,3,2
1457,3,8
1457,3,10
1458,3,10
1458,3,11
1459,3,10
1459,3,11
1460,3,10
1460,3,11
1461,3,10
1461,5,29
1462,8,7
1463,2,5
1463,4,22
1464,11,8
1465,8,1
1466,5,19
1466,8,27
1467,10,13
1468,6,8
1469,6,8
1470,2,6
1470,4,25
1470,5,11
1470,9,2
1471,10,13
1472,3,3
1472,5,18
1472,7,18
1473,8,3
1473,8,13
1473,9,16
1474,7,14
1474,7,18
1475,3,3
1475,3,10
1475,5,18
1475,7,18
1475,7,27
1475,8,29
1475,12,28
1476,7,14
1476,7,18
1477,3,10
1477,5,29
1478,3,10
1479,3,10
1480,1,19
1480,7,10
1481,3,28
1481,10,23
1482,1,12
1483,1,12
1484,3,24
1484,9,29
1485,1,16
1485,5,28
1485,11,8
1486,5,13
1486,12,18
1486,12,25
1487,1,16
1487,5,28
1487,11,8
1488,1,16
1488,5,28
1489,1,3
1489,2,23
1489,4,24
1489,7,15
1490,3,24
1490,11,7
1490,11,25
1491,3,24
1491,11,7
1491,11,25
1492,3,24
1492,4,30
1492,11,7
1492,11,25
1493,1,12
1494,7,3
1494,7,4
1495,5,9
1495,11,4
1496,8,17
1497,7,16
1498,7,16
1499,6,2
1499,7,16
1500,7,16
1501,1,28
1501,5,9
1501,9,27
1501,11,4
1502,5,9
1502,11,4
1503,2,2
1503,5,9
1503,11,4
1504,5,9
1504,11,4
1505,1,28
1505,3,2
1505,9,27
1505,11,4
1506,1,16
1506,5,28
1506,7,8
1507,3,23
1508,4,24
1508,8,13
1509,2,6
1509,4,25
1509,9,2
1510,8,13
1511,7,7
1511,11,8
1512,4,30
1512,11,25
1513,2,13
1513,3,9
1513,3,22
1513,3,24
1513,4,29
1513,4,30
1513,5,9
1513,9,15
1513,11,25
1513,12,31
1514,3,28
1514,10,23
1515,2,13
1515,3,9
1515,3,22
1515,3,24
1515,4,29
1515,4,30
1515,5,9
1515,9,15
1515,11,25
1515,12,31
1516,2,13
1516,3,9
1516,3,22
1516,3,24
1516,4,29
1516,4,30
1516,5,9
1516,9,15
1516,11,25
1516,12,31
1517,11,25
1518,2,13
1518,3,9
1519,2,13
1519,3,9
1519,5,9
1519,11,25
1520,2,13
1520,3,9
1520,9,15
1521,3,9
1521,4,29
1522,3,4
1523,3,4
1524,3,15
1524,5,1
1525,3,15
1525,4,22
1525,11,23
1526,3,15
1526,11,23
1527,3,15
1527,4,22
1527,11,23
1528,7,8
1529,6,3
1530,8,21
1531,9,1
1531,9,25
1531,10,21
1532,8,3
1533,2,15
1533,7,10
1533,12,13
1534,1,19
1535,12,5
1535,12,20
1536,4,4
1536,6,4
1537,4,3
1537,7,27
1537,11,12
1537,12,20
1538,4,3
1538,7,27
1538,11,12
1538,12,20
1539,6,4
1539,6,8
1539,8,4
1540,5,7
1541,1,12
1541,6,29
1542,1,12
1542,6,29
1543,1,12
1544,6,29
1545,6,3
1546,4,17
1546,8,11
1546,8,12
1547,7,8
1547,11,13
1548,7,8
1548,11,13
1549,7,8
1550,8,3
1551,2,1
1551,7,24
1552,7,24
1553,7,7
1553,8,3
1554,7,24
1555,2,9
1555,2,14
1555,3,18
1555,3,29
1555,6,26
1555,7,7
1555,7,17
1556,8,3
1557,7,26
1558,7,26
1559,4,30
1559,11,25
1559,12,31
1560,4,17
1560,8,11
1560,8,12
1561,1,15
1561,8,11
1561,8,12
1562,1,15
1562,8,11
1562,8,12
1563,3,20
1563,5,18
1563,6,6
1564,3,20
1564,5,18
1564,6,6
1565,3,20
1565,5,18
1565,6,6
1566,6,6
1566,11,8
1567,11,23
1568,11,23
1569,11,23
1570,10,21
1570,11,14
1570,11,23
1571,9,25
1572,9,25
1573,8,1
1573,10,20
1574,4,26
1575,9,25
1576,6,21
1577,6,3
1578,4,19
1578,5,4
1578,5,5
1578,6,7
1579,3,6
1580,3,6
1581,5,20
1581,9,17
1582,5,20
1582,10,21
1583,2,5
1583,2,15
1583,3,10
1583,6,6
1583,10,30
1583,11,8
1584,2,5
1584,2,15
1584,3,10
1584,6,6
1584,10,30
1584,11,8
1585,12,6
1586,11,21
1586,11,23
1587,6,9
1588,1,1
1588,2,18
1589,2,14
1589,2,18
1589,2,19
1589,11,26
1589,12,14
1590,2,14
1590,2,18
1590,2,19
1590,4,20
1590,4,21
1590,6,1
1590,11,26
1590,12,14
1591,2,18
1591,9,19
1592,3,11
1592,4,12
1592,5,21
1592,7,27
1593,3,11
1593,9,19
1594,7,16
1594,10,17
1595,6,20
1595,7,9
1595,10,8
1595,10,23
1596,5,12
1596,5,14
1597,5,12
1597,5,14
1598,5,12
1598,5,14
1599,10,22
1600,5,10
1601,10,22
1602,10,22
1603,3,6
1603,9,8
1603,11,20
1604,3,3
1604,6,2
1604,7,3
1604,9,13
1604,9,16
1605,3,3
1605,3,31
1605,9,16
1606,2,6
1607,9,7
1607,9,27
1608,3,6
1609,9,26
1609,9,27
1610,9,26
1610,9,27
1611,8,1
1612,3,20
1612,8,7
1613,1,8
1613,2,22
1613,6,29
1614,4,5
1614,4,7
1614,6,15
1615,4,5
1615,4,7
1615,6,15
1616,3,15
1616,3,25
1616,5,9
1616,7,25
1616,10,31
1617,6,22
1617,7,24
1617,8,5
1618,6,22
1618,7,24
1618,8,5
1619,3,13
1619,7,27
1619,11,12
1619,12,20
1620,6,22
1620,7,24
1620,8,5
1621,6,22
1621,7,24
1621,8,5
1622,6,22
1622,7,24
1622,8,5
1623,3,15
1623,3,25
1623,5,9
1623,7,25
1623,10,31
1624,10,14
1624,10,25
1625,1,27
1625,9,23
1626,1,27
1626,9,13
1627,5,29
1627,9,1
1627,9,25
1628,3,3
1629,2,19
1629,5,29
1629,6,1
1630,8,23
1630,9,1
1630,10,31
1631,11,24
1632,2,14
1632,2,18
1632,2,19
1632,4,20
1632,4,21
1632,6,1
1632,11,26
1632,12,14
1633,12,8
1634,2,14
1634,2,19
1635,7,23
1635,9,30
1636,6,27
1637,7,15
1637,11,15
1638,8,19
1638,8,25
1638,10,10
1638,10,11
1639,4,16
1639,4,18
1639,6,22
1639,9,17
1640,4,16
1641,5,9
1642,2,22
1642,2,27
1642,3,13
1643,2,27
1643,7,18
1644,3,26
1645,10,4
1646,8,12
1646,9,5
1647,1,14
1647,10,21
1648,3,26
1649,10,4
1650,2,27
1650,5,4
1650,6,27
1650,8,8
1650,8,28
1651,10,4
1652,6,17
1652,6,28
1652,10,19
1653,6,28
1653,10,8
1654,1,14
1654,10,21
1655,6,17
1655,6,28
1655,10,19
1656,4,14
1657,2,23
1657,11,7
1657,12,17
1657,12,27
1658,2,23
1658,11,7
1658,12,17
1658,12,27
1659,3,22
1660,2,22
1660,2,27
1660,3,13
1661,2,5
1661,12,24
1662,3,26
1662,8,2
1662,10,16
1663,2,13
1663,6,21
1664,5,1
1665,2,13
1665,6,21
1666,3,2
1666,4,9
1666,8,2
1666,9,7
1666,10,16
1667,2,13
1667,6,21
1668,10,16
1669,7,21
1669,7,22
1669,7,31
1670,11,6
1670,11,26
1671,7,22
1671,7,23
1671,8,18
1672,2,21
1673,2,18
1673,2,20
1673,4,11
1673,4,19
1673,6,12
1673,6,28
1673,7,3
1673,7,17
1673,10,10
1673,10,17
1674,2,18
1674,2,20
1674,4,11
1674,4,19
1674,6,12
1674,6,28
1674,7,3
1674,7,17
1674,10,10
1674,10,17
1675,1,4
1675,2,20
1675,2,21
1675,4,11
1675,12,9
1676,11,6
1676,11,26
1677,11,6
1677,11,26
1677,11,27
1678,11,6
1678,11,26
1679,1,17
1680,4,22
1680,6,28
1681,2,21
1681,3,26
1681,7,9
1681,7,12
1681,7,15
1682,3,1
1682,12,6
1683,11,6
1683,11,26
1684,11,15
1685,11,15
1686,11,15
1687,3,29
1687,7,16
1688,8,12
1688,8,30
1689,8,12
1689,8,30
1690,5,3
1690,6,12
1690,6,25
1691,8,12
1691,8,30
1692,6,18
1692,6,24
1693,6,18
1693,6,24
1694,6,18
1694,7,22
1694,7,24
1695,2,13
1695,6,18
1695,6,24
1695,6,28
1695,11,12
1696,4,2
1696,7,1
1697,3,22
1698,6,19
1699,12,30
1700,12,30
1701,12,30
1702,12,30
1703,6,6
1703,6,9
1704,2,12
1704,3,27
1704,4,14
1704,8,3
1705,2,12
1705,3,22
1705,4,14
1705,8,3
1706,3,27
1706,8,3
1707,7,11
1708,7,11
1708,7,27
1708,8,11
1709,7,27
1709,8,11
1710,7,27
1710,8,11
1711,7,27
1711,8,11
1712,7,27
1712,8,11
1713,7,27
1713,8,11
1714,7,11
1715,2,12
1715,2,16
1715,7,11
1716,9,23
1716,11,4
1717,2,13
1718,9,23
1718,11,4
1719,9,23
1719,11,4
1720,2,18
1720,2,20
1720,4,11
1720,4,19
1720,6,12
1720,6,28
1720,7,3
1720,7,17
1720,10,10
1720,10,17
1721,7,22
1721,11,15
1722,2,12
1722,10,14
1722,12,10
1723,2,12
1723,10,14
1723,12,10
1724,2,12
1724,10,14
1724,12,10
1725,9,23
1725,11,12
1726,7,8
1726,11,25
1727,3,13
1728,1,18
1728,3,13
1729,11,19
1730,11,19
1731,11,19
1732,9,15
1733,9,15
1734,9,15
1735,6,28
1735,10,19
1736,1,15
1736,8,10
1736,9,15
1737,1,15
1737,8,10
1737,9,15
1738,6,28
1738,10,19
1739,10,8
1740,6,17
1740,6,28
1740,10,19
1741,12,10
1742,10,8
1743,10,8
1744,1,27
1744,4,7
1744,6,15
1744,12,30
1745,7,17
1746,7,21
1746,8,10
1746,9,5
1747,12,13
1748,1,31
1748,3,2
1748,3,15
1748,6,21
1748,8,11
1748,9,13
1749,3,25
1749,9,16
1749,12,13
1750,1,7
1750,5,28
1751,1,7
1751,12,13
1752,7,27
1753,3,4
1753,8,5
1753,10,19
1753,12,3
1754,9,16
1754,9,17
1755,1,31
1755,3,15
1755,6,9
1755,9,13
1755,10,1
1756,1,31
1756,3,2
1756,3,15
1756,6,21
1756,8,11
1756,9,13
1757,2,17
1757,10,18
1758,3,15
1758,7,9
1759,6,11
1759,9,7
1760,6,11
1760,9,7
1761,5,25
1762,5,25
1763,5,25
1763,7,22
1764,5,25
1764,5,29
1764,7,17
1764,7,22
1765,5,25
1765,7,17
1765,7,22
1766,5,25
1766,5,29
1766,7,17
1766,7,22
1767,8,1
1768,9,6
1769,10,8
1770,5,25
1770,8,1
1771,3,28
1771,5,1
1772,5,11
1773,8,1
1774,8,1
1775,1,2
1775,1,15
1776,1,14
1776,11,3
1777,3,25
1778,4,19
1778,10,1
1779,4,19
1779,10,1
1780,5,11
1780,10,17
1781,1,28
1782,2,6
1782,7,22
1782,10,26
1783,3,26
1784,3,25
1785,1,28
1786,1,28
1787,9,6
1788,4,7
1789,3,26
1790,8,5
1791,2,19
1792,2,19
1793,12,23
1794,3,26
1795,3,26
1795,7,15
1796,3,26
1796,7,15
1797,1,23
1797,2,2
1797,2,11
1797,7,2
1798,4,26
1799,1,9
1799,1,16
1799,4,26
1799,8,14
1800,1,31
1800,6,28
1801,7,17
1802,2,9
1802,6,17
1802,7,2
1802,10,25
1803,6,30
1804,1,23
1804,2,2
1804,2,11
1804,7,2
1805,7,20
1806,7,20
1807,7,20
1808,1,18
1808,1,19
1808,1,28
1808,2,22
1808,6,10
1808,6,20
1808,7,9
1808,7,20
1808,8,26
1808,9,2
1808,10,16
1808,10,17
1808,10,25
1808,11,16
1808,12,30
1809,1,18
1809,1,19
1809,1,28
1809,2,22
1809,10,17
1810,1,18
1810,1,19
1810,1,28
1810,2,22
1810,10,17
1811,1,18
1811,1,19
1811,1,28
1811,2,22
1812,1,23
1812,2,2
1812,2,11
1813,1,23
1813,2,2
1813,2,11
1813,3,25
1813,4,2
1813,4,7
1813,4,26
1813,5,24
1813,5,29
1813,5,31
1813,7,2
1813,7,6
1813,7,16
1813,7,17
1813,7,22
1813,8,2
1813,8,5
1813,8,15
1813,8,22
1813,9,8
1813,9,12
1813,9,15
1813,9,19
1813,9,24
1813,10,3
1813,10,7
1813,10,11
1813,10,22
1813,11,21
1813,12,8
1813,12,15
1813,12,18
1814,2,9
1815,4,27
1815,4,30
1816,4,27
1816,4,30
1816,11,1
1817,7,22
1818,1,23
1818,2,2
1818,2,11
1819,2,11
1819,5,31
1820,9,21
1821,7,9
1822,3,25
1822,7,9
1822,7,20
1823,7,9
1823,7,20
1823,8,25
1824,1,23
1824,2,2
1824,2,11
1825,3,3
1825,9,4
1825,11,15
1826,1,19
1827,1,23
1827,2,2
1827,2,11
1827,9,12
1828,1,23
1828,2,2
1828,2,11
1828,5,24
1829,1,23
1829,2,2
1829,2,11
1830,5,29
1831,1,19
1831,12,31
1832,4,25
1832,5,25
1832,6,18
1832,10,7
1833,6,18
1834,6,18
1835,4,25
1835,5,25
1835,6,18
1835,9,7
1835,10,7
1836,5,25
1836,7,16
1836,7,17
1836,7,22
1837,3,27
1837,9,22
1838,1,9
1838,1,16
1838,4,26
1838,8,14
1839,1,19
1839,7,29
1840,4,13
1840,11,11
1840,11,12
1841,1,30
1842,1,30
1843,1,30
1844,11,11
1844,11,12
1845,4,13
1845,11,11
1845,11,12
1846,1,23
1846,8,15
1847,9,21
1847,
1847,8,9
1847,
1848,3,14
1848,5,31
1849,3,14
1849,5,31
1850,3,25
1850,11,10
1851,2,24
1851,12,8
1852,2,13
1852,5,3
1852,9,21
1853,9,22
1854,4,14
1854,5,29
1854,6,25
1854,8,13
1854,11,19
1855,3,26
1855,7,30
1856,3,12
1856,8,21
1856,10,12
1857,6,25
1858,6,8
1859,6,8
1860,6,8
1861,5,15
1861,8,1
1861,9,30
1862,10,26
1863,7,22
1864,8,20
1865,5,25
1866,4,17
1866,11,13
1867,1,7
1867,1,10
1867,12,31
1868,1,7
1868,1,10
1868,12,31
1869,1,6
1870,1,6
1871,7,10
1872,10,29
1872,12,2
1873,4,24
1874,3,10
1874,4,24
1874,9,15
1875,3,10
1875,4,24
1875,9,15
1876,9,15
1877,5,29
1878,5,29
1879,9,15
1879,11,10
1880,11,11
1881,3,26
1882,2,6
1882,10,26
1883,2,6
1883,9,10
1884,4,28
1884,8,1
1884,11,11
1885,8,14
1886,1,6
1886,8,14
1886,8,22
1886,9,7
1887,9,21
1888,9,24
1889,9,24
1890,5,5
1891,8,22
1892,3,14
1893,1,24
1893,5,31
1893,7,6
1893,8,31
1894,2,14
1894,3,9
1894,7,5
1894,7,7
1894,9,18
1895,3,14
1896,7,2
1896,8,2
1897,7,2
1897,8,2
1898,7,2
1898,8,2
1899,6,19
1899,8,24
1900,5,8
1900,6,19
1900,9,29
1901,1,15
1901,12,6
1902,1,15
1902,8,14
1903,9,29
1904,3,21
1904,9,10
1904,9,25
1904,11,13
1904,12,6
1905,6,19
1905,12,6
1906,9,10
1906,9,25
1906,12,6
1907,3,12
1907,10,12
1907,12,6
1908,5,19
1908,7,18
1908,9,11
1909,7,13
1910,1,24
1910,5,24
1911,7,6
1912,9,16
1913,7,18
1914,7,18
1915,1,23
1915,2,2
1915,7,18
1916,11,26
1917,5,19
1917,7,18
1917,9,11
1918,1,23
1918,2,2
1919,8,28
1920,4,13
1920,4,30
1921,12,24
1922,5,2
1922,8,23
1923,4,13
1924,4,13
1925,4,13
1926,4,13
1927,5,10
1927,9,21
1928,9,27
1928,10,22
1929,9,27
1929,10,22
1930,5,10
1931,5,11
1932,5,11
1933,5,21
1933,9,21
1934,5,10
1934,5,21
1935,1,23
1935,2,2
1936,1,23
1936,2,2
1936,8,22
1937,8,22
1938,4,13
1939,3,3
1939,7,18
1940,12,10
1941,2,23
1941,8,3
1942,3,12
1942,8,14
1942,10,12
1942,12,6
1943,2,5
1943,11,4
1944,2,5
1944,6,15
1945,1,23
1946,1,23
1947,8,31
1948,5,4
1948,8,27
1949,8,14
1950,1,15
1950,3,20
1950,9,4
1950,9,13
1950,9,22
1950,10,25
1950,12,4
1951,7,6
1951,7,19
1952,6,9
1952,6,26
1952,8,28
1953,6,26
1953,8,28
1954,1,15
1954,3,20
1954,9,4
1954,9,13
1954,9,22
1954,10,25
1954,12,4
1955,5,16
1955,8,28
1955,9,4
1955,11,4
1955,11,25
1956,9,4
1957,4,2
1957,4,3
1958,2,16
1959,8,1
1960,8,1
1961,8,1
1962,5,30
1963,5,30
1964,5,30
1964,6,5
1964,10,19
1965,7,26
1966,7,26
1967,4,22
1967,9,1
1968,5,7
1968,8,15
1969,3,21
1969,7,3
1970,3,18
1970,10,29
1971,3,18
1971,10,29
1972,3,18
1972,10,29
1973,5,12
1973,5,14
1974,3,10
1974,4,17
1974,12,25
1975,7,27
1975,8,26
1975,12,1
1975,12,9
1976,7,27
1976,8,26
1976,12,1
1976,12,9
1977,11,9
1978,11,9
1979,11,9
1980,7,27
1980,8,26
1980,12,1
1980,12,9
1981,7,28
1981,12,16
1982,7,6
1982,8,4
1983,4,17
1983,4,24
1984,7,11
1985,7,11
1986,12,19
1987,4,12
1987,10,29
1987,12,22
1988,5,16
1989,5,12
1989,12,25
1990,5,12
1990,12,25
1991,2,26
1991,9,8
1992,3,10
1992,4,15
1993,4,15
1993,4,17
1994,2,26
1994,9,8
1995,6,13
1996,6,13
1997,5,2
1998,5,2
1999,6,17
2000,4,25
2000,12,23
2001,1,7
2002,7,7
2003,3,27
2003,8,3
2004,3,27
2004,8,3
2004,12,25
2005,3,21
2005,9,10
2005,9,25
2005,12,6
2006,3,21
2006,9,10
2007,3,21
2007,9,10
2007,9,25
2007,11,13
2007,12,6
2008,3,21
2008,9,10
2008,9,25
2008,12,6
2009,3,21
2009,9,10
2009,9,25
2009,12,6
2010,5,31
2011,11,10
2012,4,28
2012,8,1
2012,11,11
2013,7,26
2013,12,22
2014,7,26
2014,12,22
2015,7,1
2015,7,26
2016,7,1
2016,7,26
2017,7,1
2017,7,26
2018,4,22
2018,11,18
2018,12,24
2019,5,13
2019,12,25
2020,2,21
2021,7,27
2021,8,26
2021,12,1
2021,12,9
2022,4,22
2022,9,1
2022,9,10
2022,12,24
2023,3,16
2023,3,17
2023,8,5
2024,3,16
2025,2,21
2025,7,9
2025,7,11
2025,7,12
2026,6,6
2027,6,6
2028,7,11
2028,9,30
2029,6,6
2030,4,13
2030,4,23
2030,5,23
2031,6,6
2032,6,6
2033,5,5
2033,5,26
2034,3,10
2034,4,15
2034,4,17
2034,12,25
2035,11,19
2036,1,26
2037,4,20
2037,10,23
2038,4,20
2038,10,23
2039,4,20
2039,10,23
2040,4,20
2040,10,23
2040,12,13
2041,1,1
2041,1,2
2041,7,4
2041,7,7
2041,11,18
2042,3,23
2042,7,2
2043,1,2
2044,7,4
2044,7,7
2044,11,18
2045,7,4
2046,5,13
2046,9,5
2047,11,4
2048,3,22
2048,8,6
2049,4,15
2049,8,6
2050,3,22
2050,8,6
2051,7,29
2052,7,29
2053,7,29
2054,6,21
2054,6,27
2054,7,11
2054,7,27
2055,12,17
2056,7,7
2056,11,16
2057,3,5
2058,3,5
2058,7,1
2058,7,11
2058,11,21
2059,3,5
2060,9,9
2061,5,14
2062,7,17
2063,2,2
2063,7,15
2064,4,19
2064,8,12
2065,5,25
2065,6,29
2065,12,19
2066,6,29
2067,8,1
2068,1,14
2068,11,9
2068,12,13
2069,2,27
2070,1,30
2070,9,9
2071,6,7
2071,9,17
2072,1,14
2073,7,15
2073,8,9
2073,8,10
2073,9,15
2074,2,4
2075,1,17
2075,12,19
2076,10,21
2077,10,21
2078,10,21
2079,2,3
2079,3,3
2079,7,31
2079,12,1
2080,2,3
2081,2,19
2081,2,28
2081,8,5
2082,8,5
2083,1,16
2084,12,13
2085,11,16
2086,1,16
2086,2,23
2086,3,23
2086,7,2
2086,9,22
2086,11,18
2087,2,26
2087,4,2
2087,5,8
2087,7,2
2088,5,6
2089,1,24
2089,4,12
2090,5,21
2090,8,20
2091,1,16
2092,2,19
2092,2,28
2092,8,5
2093,11,16
2093,11,20
2094,7,15
2095,7,15
2096,7,14
2096,9,30
2096,10,2
2096,11,16
2097,7,14
2097,10,26
2098,11,19
2099,11,19
2100,9,23
2101,3,16
2101,8,5
2101,10,29
2102,1,18
2102,1,20
2102,3,5
2102,6,20
2102,8,14
2102,9,26
2102,12,16
2103,1,15
2103,1,18
2103,1,25
2103,2,10
2103,2,22
2103,4,1
2103,4,28
2103,6,26
2103,6,29
2103,6,30
2103,10,19
2104,5,10
2104,8,1
2104,10,5
2105,1,15
2105,1,18
2105,1,25
2105,2,10
2105,2,22
2105,4,1
2105,4,28
2106,5,10
2106,10,5
2107,5,20
2107,9,12
2107,9,17
2108,6,1
2108,9,15
2109,6,1
2110,8,31
2110,9,6
2111,6,1
2112,7,26
2113,7,26
2114,7,26
2115,7,27
2116,3,17
2116,4,28
2116,8,5
2117,2,11
2117,5,14
2117,5,17
2117,5,27
2118,2,11
2118,5,14
2118,5,17
2119,5,17
2119,8,6
2120,2,21
2120,4,28
2121,3,13
2121,4,28
2121,8,25
2122,3,17
2122,4,28
2123,3,17
2123,4,28
2124,1,26
2124,2,20
2124,6,11
2125,1,26
2125,2,20
2125,6,11
2126,1,26
2126,2,20
2126,6,11
2127,2,20
2127,3,14
2127,6,1
2127,6,22
2128,madár
2129,1,15
2129,1,18
2129,1,25
2129,2,10
2129,2,22
2129,4,1
2129,4,28
2129,6,26
2129,6,29
2129,6,30
2129,10,19
2130,8,30
2131,3,17
2132,6,10
2133,6,9
2133,8,28
2133,10,8
2134,5,4
2134,6,9
2134,6,26
2134,8,28
2134,10,8
2134,12,19
2135,5,27
2135,8,21
2135,9,28
2136,5,2
2136,5,16
2137,6,26
2137,8,1
2138,7,26
2139,7,27
2140,5,1
2140,8,1
2141,5,31
2141,7,13
2142,4,26
2142,5,1
2142,5,2
2142,8,5
2142,10,5
2142,10,6
2143,3,15
2143,6,24
2143,11,13
2144,7,8
2145,5,28
2145,6,9
2146,3,6
2146,3,7
2147,1,25
2147,1,28
2147,1,31
2147,2,21
2147,2,22
2147,2,23
2147,4,27
2147,4,29
2147,5,8
2147,6,2
2147,6,16
2147,6,29
2147,8,1
2147,9,9
2147,10,19
2147,11,16
2147,11,18
2147,11,26
2147,12,4
2147,12,9
2147,12,21
2148,1,25
2148,1,28
2148,1,31
2148,2,21
2148,2,22
2148,2,23
2148,4,27
2148,4,29
2148,5,8
2148,6,2
2148,6,16
2148,6,29
2148,8,1
2148,9,9
2148,10,19
2148,11,16
2148,11,18
2148,11,26
2148,12,4
2148,12,9
2148,12,21
2149,6,29
2149,10,2
2150,5,31
2151,6,29
2151,10,2
2152,5,31
2153,5,31
2154,5,31
2155,4,27
2155,6,28
2156,3,17
2157,3,17
2158,12,9
2159,10,12
2160,3,23
2161,4,27
2161,10,11
2162,6,9
2163,1,18
2164,1,18
2165,1,18
2166,1,18
2167,1,18
2168,4,30
2168,5,5
2168,7,11
2168,8,21
2168,9,3
2169,7,11
2169,10,5
2170,7,11
2170,10,11
2171,4,4
2171,10,11
2172,4,4
2172,7,22
2173,11,15
2174,2,20
2175,4,10
2176,3,14
2177,1,26
2177,2,23
2178,1,8
2178,7,23
2179,7,30
2179,9,13
2180,1,8
2180,7,23
2181,8,2
2182,7,15
2183,10,30
2184,5,12
2185,5,12
2186,4,27
2187,2,26
2188,1,15
2188,1,18
2188,1,25
2188,2,10
2188,2,22
2188,4,1
2188,4,28
2188,6,26
2188,6,29
2188,6,30
2188,10,19
2189,6,9
2190,1,16
2190,3,10
2190,7,8
2191,7,3
2191,7,4
2192,4,9
2192,9,7
2193,2,4
2194,2,4
2194,5,2
2194,7,11
2194,10,24
2195,4,10
2196,4,17
2197,4,17
2198,6,21
2199,11,7
2200,11,7
2201,11,7
2202,6,20
2202,9,29
2202,10,24
2203,6,20
2204,6,20
2204,9,29
2204,10,24
2205,2,4
2205,5,2
2205,7,11
2205,10,24
2206,1,7
2206,1,23
2206,7,4
2206,8,31
2207,8,31
2208,1,7
2208,1,23
2208,7,4
2208,8,31
2209,8,31
2210,1,12
2210,2,9
2210,8,18
2211,2,4
2211,5,2
2211,7,11
2211,10,24
2212,2,4
2212,5,2
2212,7,11
2212,10,24
2213,4,17
2213,6,21
2213,11,7
2214,7,4
2215,1,7
2215,8,31
2216,11,29
2217,11,2
2218,4,17
2218,11,7
2219,6,2
2220,4,17
2220,7,23
2221,4,17
2221,7,23
2222,9,7
2223,3,9
2223,9,2
2224,9,7
2225,9,7
2226,2,12
2226,6,5
2226,12,4
2227,6,5
2227,8,2
2228,8,31
2229,8,3
2230,8,2
2231,2,6
2231,11,10
2232,2,13
2232,3,22
2232,8,13
2233,10,15
2234,10,15
2235,8,1
2236,8,1
2237,10,1
2238,10,1
2239,10,1
2240,5,22
2240,10,6
2240,11,12
2241,9,2
2241,10,6
2241,11,12
2242,9,2
2242,10,6
2242,11,12
2243,9,2
2243,10,6
2243,11,12
2244,7,9
2244,10,25
2245,2,9
2245,2,17
2246,1,17
2246,6,11
2246,9,14
2247,5,17
2248,10,15
2249,6,2
2250,4,17
2250,10,12
2250,10,17
2250,11,7
2251,7,16
2251,11,21
2252,9,7
2253,2,7
2253,4,3
2253,9,18
2253,11,15
2254,9,25
2255,9,18
2255,9,25
2256,2,9
2256,8,18
2257,5,22
2257,8,26
2258,5,22
2258,8,26
2259,3,11
2260,2,4
2260,4,29
2260,5,13
2260,6,7
2260,7,17
2260,9,17
2261,4,29
2261,5,13
2262,6,7
2263,6,7
2264,2,4
2264,4,29
2264,5,13
2264,6,7
2264,7,17
2264,9,17
2265,2,4
2265,4,29
2265,5,13
2265,6,7
2265,7,17
2265,9,17
2266,4,29
2266,5,13
2267,4,29
2267,5,13
2268,2,4
2268,4,29
2268,5,13
2268,6,7
2268,7,17
2268,9,17
2269,2,26
2269,8,13
2270,3,13
2270,10,30
2270,10,31
2271,10,7
2272,3,13
2272,10,30
2272,10,31
2273,8,16
2274,8,16
2275,7,15
2275,8,9
2275,8,10
2275,9,15
2276,4,17
2276,7,27
2276,10,17
2276,11,7
2277,2,28
2277,5,22
2277,8,9
2277,11,18
2278,2,23
2278,5,22
2279,2,7
2279,6,19
2279,10,1
2280,9,4
2281,2,23
2281,5,22
2282,7,6
2282,7,23
2283,2,7
2283,6,19
2284,7,6
2284,9,5
2284,10,13
2285,2,7
2285,6,19
2286,2,9
2286,8,18
2287,2,4
2287,7,6
2287,7,23
2288,2,4
2289,2,4
2290,7,30
2291,1,17
2291,6,11
2291,9,14
2292,1,17
2292,6,11
2292,9,14
2293,8,30
2293,9,4
2294,8,23
2294,8,30
2294,9,4
2295,9,4
2296,1,17
2296,6,11
2296,8,30
2297,8,23
2297,8,30
2297,9,4
2298,4,30
2299,9,14
2300,9,4
2301,3,13
2302,8,30
2302,9,14
2303,4,30
2304,6,22
2305,8,23
2305,8,30
2305,9,4
2306,8,23
2306,8,30
2306,9,4
2307,5,23
2308,4,6
2309,7,10
2309,7,19
2310,7,10
2310,7,19
2311,7,10
2311,7,19
2312,4,17
2312,7,27
2312,10,17
2312,11,7
2313,4,17
2313,10,17
2314,7,10
2314,7,19
2315,11,21
2315,12,28
2316,3,7
2316,3,27
2316,5,15
2317,3,27
2318,7,17
2318,9,4
2319,7,17
2320,7,17
2321,10,9
2321,11,10
2322,1,4
2322,3,13
2323,1,1
2324,4,12
2324,4,24
2324,12,5
2325,2,8
2325,3,13
2325,9,28
2325,10,17
2325,10,24
2326,6,29
2326,10,27
2326,11,17
2327,2,8
2327,3,13
2327,9,28
2327,10,17
2327,10,24
2328,6,27
2329,2,16
2329,8,20
2329,8,21
2329,10,10
2330,2,16
2330,8,20
2330,8,21
2330,10,10
2331,8,20
2331,8,21
2332,1,15
2332,2,26
2332,3,18
2332,4,23
2332,5,3
2332,10,11
2333,8,21
2333,12,12
2334,1,19
2334,7,13
2334,10,9
2335,1,19
2335,7,13
2335,10,9
2336,1,19
2336,7,13
2336,10,9
2337,5,9
2337,11,4
2338,7,2
2338,7,5
2339,1,19
2339,5,9
2339,7,5
2339,7,13
2339,7,17
2339,11,4
2340,1,19
2341,1,25
2341,10,20
2342,1,20
2343,6,7
2344,1,20
2345,1,20
2345,4,12
2345,4,24
2345,8,29
2345,9,19
2345,12,5
2345,12,30
2346,1,20
2346,12,30
2347,1,20
2348,5,3
2348,6,7
2349,6,3
2349,11,22
2350,6,3
2350,11,22
2351,1,19
2351,7,13
2351,10,9
2352,10,8
2353,7,13
2354,1,5
2354,2,18
2354,3,24
2354,4,21
2354,5,24
2354,6,1
2354,10,8
2355,1,5
2355,2,18
2355,4,24
2355,5,16
2355,5,24
2355,10,28
2356,1,5
2356,2,18
2356,4,24
2356,5,16
2356,5,24
2356,10,28
2357,2,10
2358,3,13
2359,9,25
2360,9,25
2361,7,3
2361,9,16
2362,7,3
2362,9,16
2363,8,3
2363,8,16
2363,8,20
2363,9,2
2363,9,7
2363,12,26
2364,1,2
2364,1,16
2364,8,20
2364,10,23
2364,10,30
2364,11,28
2364,12,26
2365,1,2
2365,1,16
2365,8,20
2365,10,23
2365,10,30
2365,11,28
2365,12,26
2366,5,8
2366,7,14
2366,7,15
2366,7,19
2367,3,15
2367,6,18
2368,3,15
2368,6,18
2369,3,20
2369,8,12
2370,3,20
2370,8,12
2371,1,22
2371,1,24
2372,1,22
2372,1,24
2373,4,3
2374,7,8
2374,8,29
2374,10,27
2375,2,9
2375,8,29
2375,12,7
2375,12,11
2375,12,30
2376,8,29
2376,10,27
2377,7,17
2377,7,28
2377,9,19
2378,8,29
2378,10,27
2379,4,30
2379,5,15
2379,5,24
2380,7,17
2381,1,24
2381,1,29
2382,1,24
2382,1,29
2382,5,17
2383,6,29
2383,10,22
2383,11,17
2384,3,18
2384,8,5
2385,1,11
2385,10,28
2386,10,28
2387,2,6
2387,10,26
2388,2,26
2388,10,26
2389,3,18
2389,5,18
2390,3,18
2390,5,18
2391,4,11
2391,5,7
2391,11,13
2392,2,19
2392,8,11
2393,5,18
2394,5,18
2395,4,11
2395,7,28
2396,4,12
2397,4,12
2398,5,6
2398,11,19
2399,8,19
2400,1,20
2401,3,1
2402,7,11
2402,7,19
2403,7,17
2404,2,8
2405,9,12
2406,9,28
2407,10,11
2407,10,21
2408,1,19
2408,10,9
2409,4,6
2409,8,26
2410,4,6
2410,8,26
2411,2,23
2411,5,26
2412,4,22
2412,6,1
2413,7,18
2413,7,30
2414,7,11
2415,5,18
2416,7,11
2416,10,11
2417,3,2
2417,10,5
2418,1,24
2418,7,30
2419,4,7
2419,6,15
2420,4,12
2421,4,12
2422,10,12
2423,10,12
2424,9,8
2424,10,12
2425,7,28
2425,8,16
2425,9,14
2426,7,28
2426,8,16
2426,9,14
2427,6,28
2427,8,2
2427,8,16
2427,9,14
2428,9,14
2429,9,8
2429,9,9
2429,10,7
2429,10,8
2430,10,12
2431,5,13
2432,1,8
2432,2,1
2433,2,15
2434,1,8
2434,10,23
2435,1,8
2435,10,23
2436,3,12
2436,3,18
2436,10,9
2437,3,12
2437,3,18
2437,10,9
2438,8,23
2439,8,23
2440,1,15
2440,1,16
2441,2,15
2441,8,22
2442,1,7
2443,6,20
2444,3,11
2444,4,12
2444,12,14
2445,9,19
2445,12,14
2446,12,14
2447,7,13
2448,7,10
2449,2,6
2449,2,18
2449,2,20
2449,3,8
2449,5,4
2449,7,10
2449,7,13
2449,8,24
2449,11,12
2449,12,2
2450,11,26
2450,12,31
2451,12,31
2452,11,3
2452,11,13
2453,11,3
2454,11,3
2455,5,24
2455,10,28
2456,5,16
2456,5,24
2456,10,28
2457,5,16
2457,5,24
2457,10,28
2458,7,25
2459,1,22
2459,6,6
2459,10,20
2460,1,18
2461,1,18
2462,1,22
2462,6,6
2462,10,20
2463,8,16
2464,1,22
2464,2,23
2465,1,30
2465,9,9
2466,1,22
2467,8,16
2468,6,28
2468,8,16
2469,6,28
2469,8,16
2470,3,28
2470,4,6
2470,8,6
2471,3,28
2471,4,6
2471,8,6
2472,3,28
2472,4,3
2472,4,6
2472,8,6
2472,8,7
2473,6,15
2473,6,19
2474,4,30
2474,5,15
2474,5,24
2474,5,25
2474,9,17
2474,9,30
2475,4,30
2475,5,15
2475,5,24
2475,5,25
2475,9,17
2475,9,30
2476,3,11
2477,3,11
2478,11,28
2479,7,13
2479,7,17
2480,5,17
2480,11,13
2481,5,15
2482,5,31
2482,9,14
2483,7,13
2483,7,17
2484,7,20
2485,6,19
2486,7,13
2487,1,8
2487,10,23
2488,5,27
2488,6,20
2489,1,8
2489,10,23
2490,5,27
2490,6,20
2491,6,14
2491,6,15
2491,6,19
2492,6,29
2492,10,22
2492,11,7
2493,1,9
2493,3,1
2494,1,19
2494,6,23
2495,1,19
2495,6,23
2496,1,19
2496,6,23
2497,11,30
2498,5,1
2498,7,4
2498,11,24
2499,7,1
2500,1,8
2500,4,22
2501,1,30
2502,2,25
2503,1,24
2503,7,26
2503,10,28
2504,1,24
2504,7,26
2504,10,28
2505,4,6
2505,8,24
2505,11,29
2506,7,25
2507,7,25
2508,1,5
2508,7,15
2509,7,25
2510,5,20
2510,8,26
2511,4,22
2511,7,1
2512,1,5
2513,1,26
2513,5,6
2513,9,1
2513,12,29
2514,1,28
2514,3,7
2514,6,22
2514,7,3
2514,7,6
2514,8,25
2514,9,22
2514,10,2
2514,12,21
2514,12,29
2515,8,14
2516,4,22
2517,5,6
2517,7,6
2518,1,12
2518,4,22
2519,2,25
2520,2,25
2521,2,25
2522,9,10
2523,8,11
2523,11,30
2524,9,5
2524,9,28
2525,2,25
2526,8,15
2527,8,15
2528,1,8
2528,4,15
2528,4,27
2528,6,8
2529,1,11
2529,10,11
2530,1,12
2530,4,22
2531,3,21
2532,3,21
2533,8,3
2533,12,19
2534,9,2
2535,2,25
2536,10,15
2537,9,23
2537,10,15
2538,9,23
2539,12,21
2540,5,3
2541,9,2
2542,5,21
2542,7,1
2543,5,21
2543,7,1
2544,1,22
2544,2,11
2545,8,16
2545,9,2
2545,11,9
2545,12,27
2545,12,28
2546,2,11
2546,4,5
2546,4,28
2546,9,2
2546,9,11
2547,4,2
2547,5,29
2548,2,2
2548,3,12
2548,12,22
2548,12,27
2549,3,5
2549,3,10
2549,5,21
2549,6,17
2549,10,13
2549,10,29
2549,12,20
2550,5,21
2550,6,17
2550,12,28
2551,8,23
2552,3,11
2553,4,16
2553,4,30
2554,2,7
2554,11,28
2555,2,7
2555,11,28
2556,3,11
2556,6,17
2556,7,8
2556,8,3
2556,10,1
2556,10,3
2556,10,15
2557,3,11
2557,6,17
2557,7,8
2557,8,3
2557,10,1
2557,10,3
2557,10,15
2558,3,11
2558,6,17
2558,7,8
2558,8,3
2558,10,1
2558,10,3
2558,10,15
2559,3,11
2559,6,17
2559,7,8
2559,8,3
2559,10,1
2559,10,3
2559,10,15
2560,3,11
2560,6,17
2560,7,8
2560,8,3
2560,10,1
2560,10,3
2560,10,15
2561,3,11
2561,6,17
2561,7,8
2561,8,3
2561,10,1
2561,10,3
2561,10,15
2562,4,29
2562,4,30
2563,3,11
2563,6,17
2563,7,8
2563,8,3
2563,10,1
2563,10,3
2563,10,15
2564,5,1
2564,11,5
2565,2,6
2565,12,19
2566,1,11
2567,1,28
2567,3,7
2567,6,22
2567,7,3
2567,7,6
2567,8,25
2567,9,22
2567,10,2
2567,12,21
2567,12,29
2568,5,21
2569,5,21
2569,7,1
2570,4,14
2571,5,21
2571,7,1
2572,4,14
2572,8,11
2573,4,14
2573,8,11
2574,8,11
2574,8,12
2574,8,30
2575,1,26
2576,2,6
2576,3,3
2577,2,2
2577,3,12
2577,12,22
2577,12,27
2578,4,26
2578,4,29
2578,7,1
2578,11,9
2578,11,12
2578,12,16
2579,3,14
2580,3,14
2580,5,31
2580,6,3
2581,3,14
2581,5,31
2581,12,13
2582,3,14
2583,1,20
2583,3,11
2583,5,3
2584,4,19
2584,5,3
2585,1,24
2585,1,26
2585,5,3
2585,8,22
2586,8,22
2587,1,24
2587,1,26
2587,5,3
2587,8,22
2588,1,24
2588,1,26
2588,5,3
2588,8,22
2589,7,25
2589,9,18
2590,6,16
2590,7,24
2591,6,16
2591,7,24
2592,6,16
2592,7,24
2593,6,22
2593,7,24
2593,8,5
2594,2,20
2595,2,20
2596,8,3
2596,9,3
2597,9,3
2598,10,12
2599,2,6
2600,1,26
2600,2,6
2600,2,11
2601,1,26
2601,2,6
2601,2,11
2602,1,26
2602,2,11
2603,1,4
2603,1,26
2603,2,6
2604,4,20
2604,4,30
2604,6,28
2604,9,19
2604,11,9
2605,3,1
2606,1,1
2606,6,13
2606,9,12
2606,11,2
2607,2,6
2607,9,19
2607,10,11
2607,12,28
2608,10,2
2609,4,14
2609,8,25
2610,4,14
2610,8,25
2611,7,25
2612,1,17
2612,6,13
2612,7,5
2613,6,1
2613,6,27
2614,6,27
2615,6,27
2616,3,26
2616,6,4
2617,3,26
2618,3,26
2619,5,18
2620,4,20
2620,6,14
2620,9,2
2620,9,15
2620,11,5
2620,12,18
2621,10,28
2622,8,4
2623,8,11
2623,11,30
2624,2,7
2624,11,28
2625,1,18
2625,7,29
2625,8,29
2625,10,14
2626,3,17
2626,8,13
2626,11,16
2626,11,17
2627,2,22
2628,6,11
2628,8,1
2628,10,5
2629,4,27
2629,10,5
2630,8,11
2630,11,30
2631,3,26
2632,5,19
2633,4,2
2633,6,1
2633,11,10
2634,6,1
2635,7,29
2635,11,24
2636,3,7
2636,5,16
2636,12,31
2637,3,23
2637,7,4
2638,5,22
2638,11,9
2639,5,16
2640,5,3
2640,8,16
2641,5,22
2641,11,9
2642,1,27
2642,6,27
2642,6,29
2643,4,3
2644,1,2
2645,5,22
2646,5,8
2646,7,4
2647,3,11
2647,7,4
2647,7,10
2647,7,11
2647,8,7
2648,8,6
2649,3,25
2650,5,15
2650,6,26
2651,5,28
2651,8,7
2652,4,1
2653,5,25
2654,1,14
2655,1,14
2656,1,14
2656,1,17
2656,12,1
2657,10,21
2658,10,21
2659,4,7
2660,7,12
2661,1,15
2661,1,16
2661,4,18
2662,7,13
2662,12,9
2663,3,31
2664,12,5
2665,8,30
2666,7,29
2667,8,20
2668,4,24
2668,12,20
2669,1,26
2669,2,25
2670,2,27
2671,7,25
2672,1,7
2672,2,14
2672,3,16
2672,7,25
2672,11,3
2673,7,25
2674,1,29
2674,3,10
2674,6,14
2674,12,15
2675,4,28
2675,6,5
2675,12,9
2676,1,29
2676,3,10
2676,6,14
2676,12,15
2677,4,8
2677,7,16
2678,1,26
2678,2,25
2678,11,14
2679,5,24
2680,12,4
2681,7,2
2681,10,22
2682,7,19
2683,5,24
2684,4,22
2684,5,30
2684,6,11
2685,1,2
2686,4,24
2686,12,20
2687,1,1
2687,1,11
2687,3,22
2687,5,30
2687,6,14
2688,1,19
2688,5,30
2689,4,30
2690,5,17
2691,9,28
2692,4,28
2693,4,28
2694,4,28
2695,10,9
2696,9,28
2697,10,20
2698,10,7
2698,10,20
2699,4,30
2700,6,2
2700,8,7
2701,1,13
2701,1,24
2701,7,9
2702,7,9
2702,7,22
2703,7,22
2703,9,1
2704,7,9
2704,7,22
2704,9,1
2705,4,18
2706,1,12
2706,1,13
2706,1,19
2706,1,24
2706,2,4
2706,7,9
2707,1,12
2707,1,13
2707,1,19
2707,1,24
2707,2,4
2707,7,9
2708,1,12
2708,1,13
2708,1,19
2708,1,24
2708,2,4
2708,7,9
2709,1,12
2709,1,13
2709,1,19
2709,1,24
2709,2,4
2709,7,9
2710,7,19
2711,3,1
2711,7,17
2712,5,24
2712,11,19
2713,7,17
2714,6,15
2714,8,13
2714,12,13
2715,8,5
2715,10,21
2716,12,24
2717,6,15
2718,6,15
2719,1,13
2719,1,14
2719,3,16
2720,1,15
2720,6,15
2721,11,17
2721,12,23
2722,2,26
2722,5,12
2722,7,28
2722,9,5
2722,9,30
2722,11,2
2723,11,17
2723,12,23
2724,1,26
2724,9,5
2724,11,26
2725,5,28
2725,9,19
2726,5,28
2726,9,19
2727,1,10
2727,2,10
2727,4,6
2727,5,23
2727,5,28
2727,6,8
2727,6,25
2727,7,5
2728,7,7
2728,10,22
2729,8,27
2730,5,31
2730,6,12
2731,1,10
2731,5,28
2731,6,25
2731,9,19
2731,10,15
2731,12,5
2732,1,10
2732,2,10
2732,4,6
2732,5,23
2732,5,28
2732,6,8
2732,6,25
2732,7,5
2733,1,22
2733,4,5
2733,4,9
2733,5,24
2733,7,19
2733,9,27
2734,1,27
2734,2,1
2734,4,20
2735,5,3
2735,5,5
2735,6,15
2735,6,25
2735,12,19
2736,5,3
2736,6,15
2736,6,25
2737,5,3
2737,6,15
2737,6,25
2738,5,3
2738,6,15
2738,6,25
2739,5,3
2739,6,15
2739,6,25
2740,1,8
2740,2,10
2740,7,29
2740,11,24
2740,11,26
2741,3,5
2741,11,27
2742,3,5
2742,11,27
2743,2,1
2743,2,2
2743,11,10
2744,6,15
2744,8,13
2744,12,13
2745,4,28
2745,8,13
2745,12,13
2746,4,28
2746,10,20
2746,11,4
2747,4,28
2747,11,2
2748,4,28
2749,4,28
2750,1,15
2750,6,15
2751,12,2
2752,12,2
2753,12,2
2754,7,15
2754,11,15
2755,7,15
2755,11,15
2756,3,20
2757,1,31
2757,9,9
2757,10,31
2758,5,19
2759,4,8
2759,7,16
2760,5,22
2761,5,22
2762,5,18
2763,12,3
2764,12,3
2764,12,22
2765,1,24
2765,7,30
2766,1,13
2766,5,6
2767,3,16
2767,8,8
2767,9,1
2768,8,23
2768,11,17
2769,12,18
2770,3,15
2771,2,21
2771,3,15
2771,9,6
2771,11,5
2772,8,22
2772,8,23
2772,11,17
2773,7,14
2774,3,30
2774,7,14
2774,9,10
2774,12,30
2775,7,14
2776,8,26
2777,2,16
2777,2,19
2778,6,8
2778,10,23
2779,6,8
2779,10,23
2780,4,27
2781,6,23
2781,8,23
2782,11,14
2783,4,17
2784,8,5
2785,8,5
2786,4,21
2786,8,23
2786,11,17
2787,9,24
2788,10,11
2788,10,21
2789,9,22
2789,10,17
2790,10,21
2791,10,21
2792,1,31
2792,9,22
2793,1,23
2793,4,21
2794,2,21
2794,4,21
2795,5,31
2796,2,18
2797,4,12
2797,6,5
2798,4,12
2798,10,29
2798,12,22
2799,10,30
2800,12,23
2801,1,8
2801,10,23
2802,1,8
2802,10,23
2803,11,22
2803,12,23
2804,12,23
2805,2,22
2805,12,23
2806,4,17
2807,2,7
2807,6,3
2807,9,16
2808,6,3
2808,9,16
2809,5,31
2810,3,13
2810,6,5
2810,10,11
2811,6,5
2811,10,11
2811,10,30
2812,6,5
2812,10,11
2812,10,30
2813,4,27
2814,4,27
2815,7,17
2815,12,3
2815,12,30
2816,7,17
2816,12,3
2817,5,1
2817,7,17
2817,11,19
2818,5,2
2818,6,15
2818,7,5
2819,5,2
2819,6,15
2819,7,5
2820,6,23
2820,10,17
2821,3,8
2821,3,13
2821,6,23
2821,11,20
2822,3,8
2822,3,13
2822,6,23
2822,11,20
2823,6,23
2824,8,22
2825,7,15
2825,7,18
2826,1,13
2826,4,16
2826,4,17
2827,1,13
2827,4,16
2827,4,17
2828,6,19
2828,10,4
2829,3,4
2830,6,19
2830,10,4
2831,6,19
2831,10,4
2832,3,1
2833,9,22
2834,7,17
2834,12,3
2834,12,30
2835,12,26
2836,1,9
2836,3,1
2837,8,23
2838,2,8
2838,5,1
2838,5,3
2838,7,25
2839,1,11
2839,10,28
2840,5,30
2840,8,21
2841,2,19
2841,3,31
2841,8,11
2842,2,19
2842,3,31
2842,8,11
2843,2,19
2843,8,11
2844,1,31
2844,9,22
2845,4,8
2845,10,21
2846,9,16
2846,12,25
2847,4,19
2847,10,7
2848,4,19
2849,4,19
2850,5,1
2850,5,2
2851,1,3
2852,4,30
2852,5,15
2852,5,24
2852,5,25
2852,8,1
2852,9,17
2852,9,30
2853,4,30
2853,5,15
2853,5,24
2853,5,25
2853,8,1
2853,9,17
2853,9,30
2854,5,6
2854,7,8
2855,4,10
2855,10,21
2855,11,20
2856,4,21
2856,11,8
2857,2,15
2857,12,9
2858,2,19
2858,8,11
2858,9,20
2859,2,19
2859,8,11
2859,9,20
2860,2,19
2860,8,11
2860,9,20
2861,2,19
2861,8,11
2861,9,20
2862,4,8
2862,5,22
2862,7,21
2862,7,30
